id	Non-malignant	Non-malignant	Non-malignant	Non-malignant	Non-malignant	Claudin-low	Claudin-low	Claudin-low	Claudin-low	Claudin-low	Claudin-low
ENSG00000131746.11	373.26	333.98	474.49	303.75	465.48	0.1	0.1	0.23	0.09	0.05	0.92
ENSG00000065618.15	351.31	545.6	207.94	219.26	332.95	0.05	0.37	0	1.72	0.12	1.88
ENSG00000128422.14	1927.78	5882.94	3161.55	1722.58	6828.7	1.2	0.43	0	2.71	1.71	0.45
ENSG00000111319.11	385.27	247.23	148.99	123.84	139.87	0.09	2.25	0.23	1.82	1.03	2.63
ENSG00000189334.7	693.32	950.08	565.24	292.25	985.39	0	1.07	0.52	0.56	0.12	0
ENSG00000076826.8	9.26	11.65	6.87	6.91	10.06	0.24	0.44	0.12	0.89	0.93	0.05
ENSG00000137699.15	258.79	620.89	286.77	186.01	234.96	0.5	0.22	0.28	1.45	0.57	0.15
ENSG00000053747.14	132.11	76.79	180.46	317.22	169.81	3.24	1.86	1.1	0.04	1.26	0.13
ENSG00000205420.9	2097.25	4090.68	1239.68	3333.76	6226.36	0.6	14.23	0.1	0.19	0.33	0.14
ENSG00000132470.12	892.46	541.32	708.8	235.69	895.6	0.32	2.27	3.26	0.79	0.62	9.85
ENSG00000039068.17	59.54	143.23	41.09	58.05	87.41	0.01	0.57	1.27	1.37	2.39	0
ENSG00000148671.12	259.04	620.51	175.49	356.72	136.37	0.52	0	2.92	0.46	1.05	0.62
ENSG00000103067.10	29.02	45.95	52.42	20.85	37.54	0.21	0.42	1.45	0.38	0.42	0.43
ENSG00000130545.14	19.1	34.71	15.75	13.11	21.71	0	0	0.09	0.13	0.23	1.12
ENSG00000159166.12	150.32	154.88	151.18	62.43	201.09	0.87	0	0.49	0.21	0.41	0
ENSG00000271447.4	98.83	105.16	41.09	52.1	76.03	NA	3.9	0.1	0.07	NA	0
ENSG00000188910.7	97.99	78.24	111.81	107.57	165.23	0.06	0.08	0.09	0	0.22	0
ENSG00000115112.7	34.87	44.13	20.47	43.78	20.16	0.01	2.81	0.18	0.14	0.04	0.47
ENSG00000197565.14	20.64	16.82	25.7	9.81	14.85	0.96	0.06	1.46	0.76	0.23	0.06
ENSG00000166145.13	120.7	214.92	78.04	164.34	57.63	0.26	1.64	1.9	0.21	0.92	0.34
ENSG00000265190.5	423.93	723.97	243.66	137.68	429.94	0.33	0.1	0.57	1.81	0.06	0.06
ENSG00000189280.3	50.5	69.29	54.4	39.12	114.55	0.04	0.17	0.17	0.05	0.6	0
ENSG00000142675.16	29.92	30.41	26.62	32.49	19	0.36	1.15	1.26	0.12	3.06	0.43
ENSG00000173801.15	218.25	786.76	204.49	282.74	558.92	10.23	1.84	4.87	7.69	5.18	19.53
ENSG00000021762.18	34.64	56.92	42.36	58.5	36.31	5.92	4.25	4.07	4.77	12.59	6.68
ENSG00000102890.13	28.47	41.3	30.01	51.93	38.95	3.4	0.35	1.26	1.06	3.48	2.65
ENSG00000276850.3	39.81	26.93	15.11	18.6	15.45	0	0.04	0.99	1.1	0.06	2.4
ENSG00000206075.12	141.66	268.75	187.86	201.32	69.95	0.04	7.58	1.76	0	0	0.03
ENSG00000113430.8	15	34.98	34.45	15.21	13.14	0	0	0.15	1.65	0.48	0
ENSG00000163220.10	183.13	717.96	453.37	303.09	1870.28	1.12	7.82	3.39	0.6	2.16	0
ENSG00000163362.9	16.12	35.92	21.41	24.61	27.16	1.93	5.2	4.36	3.79	1.41	2.15
ENSG00000237289.8	119.89	87.97	93.54	34.88	137.49	1.2	0.24	0.32	0	0.42	0.29
ENSG00000273760.1	19.92	54.68	20.37	21.06	46.02	0.5	0	3.42	1.36	0	1.06
ENSG00000148344.10	523.22	242.98	377.69	526.74	276.77	0.2	1.95	5.95	9.58	0.37	4.71
ENSG00000152939.13	10.88	14.55	7.75	7.48	11.77	0.85	0.89	0.9	0.26	2.94	1.01
ENSG00000129194.6	44.71	78.47	53.67	40.41	157.75	1.38	0.74	0.25	1.87	2.11	0.98
ENSG00000179148.8	6.8	2.83	3.99	5.04	3.98	0.04	0.02	0.09	0.15	0.73	0.77
ENSG00000186493.10	59.88	74.5	38.89	18.31	46.05	0	5.06	0.99	0	0	0
ENSG00000114541.13	16.79	12.42	16.31	5.57	10.92	0.04	1.54	0.26	0.46	0	1.03
ENSG00000138271.5	51.86	50.23	42.18	19.92	24.25	0	0.05	0.11	0.04	0	0.52
ENSG00000014216.14	314.86	356.02	219.4	222.63	181.23	56.42	79.51	40.34	50.32	50.16	62.88
ENSG00000241484.8	26.75	35.9	13.48	10.34	15.47	0.2	1.04	1.77	0.15	0.19	0
ENSG00000196754.9	6942.94	3938.08	6829.82	1541.73	7277.22	143.06	66.8	85.13	17.39	82.75	8.92
ENSG00000169594.11	31.2	29.01	35.09	36.02	35.04	0.02	0.11	2.75	0	0	0.02
ENSG00000175707.8	19.6	20.09	17.89	9.6	13.45	0	0.13	0.03	0.04	0.06	0.2
ENSG00000058085.13	202.31	108.82	469.33	1080.03	470.64	0.33	2.38	4.22	4.32	0.24	13.18
ENSG00000135525.17	5.13	10.15	8.25	4.22	9.66	0.22	0.02	0.3	0.07	0.83	0
ENSG00000164976.8	8.6	7.82	7.25	7.95	10.18	0.54	1.16	1.57	1.97	2.23	2.08
ENSG00000204576.10	5.51	4.54	6.84	9.33	5.75	21.13	19.64	26.05	17.85	33.06	21.92
ENSG00000147676.12	108.84	126.37	132.51	48.69	37.01	0	0.68	0.52	0.43	0.04	0.82
ENSG00000119986.6	51.02	133.71	121.7	102.82	77.31	5.78	8.03	1.92	1.78	9.95	10.55
ENSG00000123080.9	9.13	7.14	7.65	6.4	8.71	52.53	38	21.2	45.66	32.9	49.08
ENSG00000107738.18	47.53	78.35	16.87	63.54	35.02	0.44	0.57	3.72	2.82	0.54	2.54
ENSG00000140937.12	0	0.03	0	1.11	2.26	149.58	179.21	13.16	115.34	46.4	73.02
ENSG00000100003.16	91.43	146.56	80.63	201.23	133.28	15.69	22.98	18.57	20.82	6.35	23.81
ENSG00000110400.9	91.5	78.81	80.26	36.06	93.74	6.53	18.59	6.64	11.79	6.12	13.05
ENSG00000091622.14	10.38	15.56	8.38	13.74	7.73	0.37	1.66	0.51	1.1	1.11	3.33
ENSG00000182795.12	47.53	110.11	30.37	32.01	48.25	0	0.18	0.07	0	0.06	0.56
ENSG00000089356.15	716.02	1741.89	327.25	224.51	555.97	0.14	0.63	0.04	0.05	0.83	0.43
ENSG00000128604.17	13.05	12.98	13.52	6.87	16.44	0.71	0.26	0.98	0.18	0.24	3.46
ENSG00000111664.9	1.63	0.25	0.49	0.15	0.26	8.7	6.09	5.15	6.17	10.58	3.49
ENSG00000223784.1	10.88	8.95	12.74	10.12	21.83	0	0.54	0	1.67	0	2.36
ENSG00000065357.18	109.4	174.66	113.59	116.14	129.63	4.02	9.71	5.78	12.91	14.59	20.9
ENSG00000185219.14	1.88	1.31	1.74	1.29	1.59	3.1	4.61	4.57	4.13	5.31	3.13
ENSG00000235750.8	12.04	19.88	24.71	6.69	14.75	0	0.26	0.16	0.56	0.09	1.11
ENSG00000160588.8	2.97	5.82	4.76	6.09	2.98	0.05	0.39	0.65	0.23	0.17	1.32
ENSG00000069020.17	7.76	16.78	10.96	13.52	20.3	1.64	0.68	0.23	0.14	3.49	0.54
ENSG00000184292.6	112.62	483.45	51.25	63.58	137.87	0.02	0.06	0.35	0.05	0.23	12.26
ENSG00000142273.9	30.45	25.98	24.32	14.56	43.74	0	0	0.11	0	0	0.06
ENSG00000149573.7	56.49	63.11	49.24	12.35	41.32	0	0	0.27	0.05	0	1.33
ENSG00000198417.6	30.94	25.29	17.67	54.48	20.75	0	0	4.96	0.04	1.03	1.83
ENSG00000102554.12	70.8	108.1	134.16	117.81	59.07	3.96	10.85	1.75	3.37	2.13	15.11
ENSG00000186081.10	3042.46	7372.09	3128.05	1389.66	7577.34	0.65	116.64	2.08	0.44	2.25	0.41
ENSG00000141738.12	7.96	14.9	19.02	14.02	13.18	0.14	1.19	0.19	0.14	0	3.43
ENSG00000185101.11	28.6	23.22	21.91	12.78	8.18	0	0.95	0.29	0.57	0.11	0.43
ENSG00000107960.9	46.64	46.22	39.9	22.89	35.96	6.45	8.15	6.77	8.7	15.79	12.21
ENSG00000231131.5	10.88	8.71	8.08	5.62	5.01	NA	NA	NA	0.15	0	0
ENSG00000149418.9	33.52	50.36	66.19	89.31	24.07	0.29	0.02	0.23	0.16	0.45	0.37
ENSG00000178038.15	128.24	135.53	65.14	53.87	25.66	0.02	1.22	0.64	0.54	1.11	12.01
ENSG00000174564.11	43	100.35	77.7	20.27	101.55	0.81	1.56	2.45	1.17	3.99	0.43
ENSG00000223572.8	122.18	94.91	99.29	26.14	135.33	0.44	0.09	0.86	0.3	0.44	0
ENSG00000163235.14	25.16	16.52	24.04	62.99	38.68	0	0.03	0.22	0.06	0.38	7.09
ENSG00000162390.16	18.04	8.71	13.75	7.25	11.03	0.48	0.82	0.89	0.46	0.47	0.47
ENSG00000162878.11	1.29	1.02	0.1	0.7	0.15	6.08	16.73	15.72	5.71	6.75	5.12
ENSG00000131080.13	3.07	4.35	4.66	4.28	2.31	0.27	0.09	0	0.08	0.13	0.1
ENSG00000213412.3	24.04	54.27	25.1	21.21	87.78	1.02	0.17	5.69	2.5	0.28	1.89
ENSG00000101096.18	0.07	0.22	0	0.28	0.23	1.22	1.69	2.98	1.69	2.03	3.27
ENSG00000065361.13	4.02	11.43	6.81	7.5	5.91	0.18	0.69	0.38	1.07	0.28	2.31
ENSG00000188112.7	9.5	46.58	23.3	25.08	51.49	0.03	0.77	0.95	4.26	0.19	0
ENSG00000266074.7	2.13	1.21	2.23	3.25	1.14	7.3	21.75	25.45	12.88	20.12	9.26
ENSG00000216775.2	0.12	0.65	0.27	0.64	0.07	5	3.55	3.44	3.81	1.33	4.53
ENSG00000100949.13	45.93	91.35	82.99	83.16	65.51	12.41	16.32	11.88	22.11	16.2	33.9
ENSG00000177494.5	21.93	11.48	34.18	22.27	35	NA	0.09	NA	0.11	NA	0.1
ENSG00000126460.9	5.43	11.22	6.37	6.01	4.43	0.39	0.49	0.21	0.81	0.49	0.67
ENSG00000188321.12	1.04	1.37	1.81	1.97	0.55	6.61	7.34	9.66	3.58	6.72	4.97
ENSG00000115884.9	287.43	408.51	172.9	296.81	427.21	44.55	24.43	23.26	57.29	25.58	100.13
ENSG00000137843.10	17.78	14.97	5.46	8.9	10.27	0.46	0.44	0.24	0.59	0	0.06
ENSG00000073350.12	23.06	42.25	27.86	39.65	29.65	1.57	4.35	1.67	0.75	4.4	7.25
ENSG00000050327.13	16.84	26.8	18.94	8.5	46.33	0	0.04	3.14	0.65	0.5	2.2
ENSG00000124549.13	0.74	0.44	1.18	1.25	0.66	2.79	3.07	4.97	2.13	4.61	3.58
ENSG00000104892.15	14.54	32.31	14.08	8.13	33.74	0.35	0.26	0.61	2.13	0.26	0.21
ENSG00000185697.15	3.07	0.57	2.99	1.3	3.88	33.56	11.26	21.28	20.29	40.56	13.02
ENSG00000152223.11	3.8	2.8	5.09	4.84	4.04	11.18	12.05	9.65	11.38	8.8	7
ENSG00000168672.3	10.49	22.04	7.8	20.1	11.16	1.95	1.26	0.21	0.83	3	2.78
ENSG00000085552.15	9.59	20.51	6.5	7.26	9.65	0.62	0.07	0.2	0.32	0.05	0.44
ENSG00000140950.14	54.67	36.82	29.6	43.12	36.99	10.52	13.6	11.03	17.56	14.1	22.22
ENSG00000125731.11	52.33	25.73	70.75	39.82	64.49	0.32	1.37	2.08	0.67	0.44	11.85
ENSG00000110328.5	17.01	13.55	21.47	10.97	26.05	1.45	3.78	2.26	2.97	3.65	7.2
ENSG00000109321.9	439.67	44.46	512.01	736.67	148.04	0.05	0	0.59	0.22	0.48	4.57
ENSG00000149043.15	302.07	273.55	178.65	27.32	128.17	0.04	0	0	0.06	1.83	0.85
ENSG00000124466.8	63.88	229.77	32.65	241.97	226.03	2.17	15.71	0.37	0.77	2.99	0.6
ENSG00000264230.6	269.38	480.03	115.1	53.18	200.28	0.28	0.33	0.43	0.95	0	0.62
ENSG00000135452.8	20.59	24.04	21.66	23.64	13.38	7.71	7.81	9.51	6.17	10.06	5.37
ENSG00000175591.10	19.3	24.6	5.44	14.44	14.21	0	0.03	0.61	0.02	0.08	4.52
ENSG00000114993.14	48.17	79.36	58.66	38.66	56.6	6.3	4.12	20.85	8.82	13.33	9.02
ENSG00000189221.8	29.1	110.34	50.77	13.58	23.13	0.29	0.09	0.02	0.08	2.21	2.59
ENSG00000163810.10	1.37	1.35	2.22	1.7	1.17	0.06	0.02	0.13	0.05	0	0.05
ENSG00000204959.4	7.24	9.23	12.82	7.48	23.44	0	0.07	3.51	0.28	0.11	1.27
ENSG00000136002.15	14.9	45.31	35.53	29.84	24.65	0.06	0.69	8.66	0.16	0.54	0.97
ENSG00000280128.1	0.53	0.84	0.99	0.37	0.59	2.16	3.09	1.39	3.64	2.62	2.51
ENSG00000170873.17	26.76	34.61	16.39	19.49	18.66	0.55	5.12	1.95	3.8	3.72	0.52
ENSG00000184574.8	4.63	2.93	3.14	8.33	7.7	0	0.11	0.04	0.18	0.03	1.2
ENSG00000104413.14	48.02	54.59	22.89	12.67	35.36	0.19	0.15	0.25	0.02	0.42	0.37
ENSG00000279806.1	47.23	50.92	59.36	14.62	73.41	0.03	0.08	0	0.07	0	0.05
ENSG00000173517.9	2.32	1.47	3.06	3.49	0.73	9.72	18.85	14.24	12.56	15.63	8.68
ENSG00000101311.14	42.66	46.36	43.32	137.25	45.38	1.91	0.53	8.29	3.23	1.68	12.2
ENSG00000096696.12	31.6	235.65	84.37	28.97	142.82	0.01	0.18	3.07	3.3	0.07	7.47
ENSG00000089127.11	9.34	11.98	4.83	16.91	4.64	0.11	0.27	0.26	0.08	0.22	2.51
ENSG00000124107.5	227.26	1926.39	601.93	993.23	1176.88	5.44	17.79	43.27	0	0.26	0.19
ENSG00000184838.13	1.89	2.01	1.42	3.99	1.73	58.89	9.27	13.47	26.76	24.44	18.62
ENSG00000105855.8	6.27	9	8.45	9.16	2.78	0.05	0.89	0.38	0.77	0.45	0.06
ENSG00000147689.15	72.06	93.73	55.46	454.31	230	0.24	0.41	0.02	0.11	0.07	0.91
ENSG00000156453.12	35.94	44.37	13.36	53.69	40.79	0.78	1.1	0.45	0.47	12.27	0.67
ENSG00000090776.5	65.2	44.6	55.14	53.91	48.97	14.7	1.9	3.06	7.11	4.89	3.2
ENSG00000169403.10	12.19	5.03	9.75	19.4	7.53	0.05	0.57	0.22	0.3	0.74	0.18
ENSG00000086544.2	13.4	40.15	29.99	28.64	24.99	6.64	4	5.37	4.98	10.39	2.77
ENSG00000172830.11	62.37	76.03	64.99	27.89	34.27	10.96	12.54	4.78	4.94	15.75	9.09
ENSG00000074410.12	39.62	100.03	74.64	26.23	40	2.64	8.02	3.11	8.58	14.07	3.68
ENSG00000035115.20	28.29	38.43	33.27	14.66	40.57	8.04	4.37	4.74	2.18	8.82	1.46
ENSG00000091129.18	11.03	3.81	3.94	4.11	5.76	0	0.58	0.04	0.18	0	0.24
ENSG00000184254.15	158.49	121.37	18.59	92.93	57.2	0.14	5.9	0.89	10.33	0.66	2.16
ENSG00000110042.6	16.11	24.41	8.32	8.38	5.03	0.75	0.42	0.07	0.07	2.35	0
ENSG00000181284.2	12.84	17.2	12.55	13.32	24.12	5.39	2.04	0.46	2.12	2.62	0.49
ENSG00000079819.15	10.38	6.88	8.06	13.28	7.29	18.9	58.93	53.9	42.89	24.62	37.83
ENSG00000148426.11	49.86	22.08	22.97	26.33	28.83	2.36	0.26	1.07	3.93	2.53	8.37
ENSG00000132821.10	197.01	52.22	48.62	116.08	18.81	1.26	0.66	0.55	1.27	0.45	5.46
ENSG00000165929.11	3.2	4.06	4.91	3.13	1.75	0	0.67	0.07	0.04	0	1.49
ENSG00000166908.16	40.65	37.34	28.78	57	40.41	15.65	16.1	21.24	14.27	12.1	19.59
ENSG00000182704.7	28.33	25.28	32.87	56.35	36.04	19.03	7.66	11.8	9.71	6.85	10.28
ENSG00000270149.4	21.98	38.2	30.46	23.28	64.31	4.92	0	1.79	0	0	5.34
ENSG00000243896.3	1.41	2.27	2.33	4.64	2.53	NA	0.14	0.71	NA	NA	0.08
ENSG00000267169.1	0.54	0.15	0.53	0.38	0.21	1.5	2.65	1.39	1.44	3.5	1.77
ENSG00000216895.7	2.95	1.75	2.75	2.1	2.44	15.49	16.45	8.38	9.41	14.16	5.35
ENSG00000144711.12	7.52	5.1	7.28	5.82	4.77	13.19	8.8	15.64	14.15	13.57	10.84
ENSG00000137752.21	25.56	11.45	23.86	10.82	5.84	0.06	0.61	2.71	1.36	0	2.2
ENSG00000099337.4	9.91	6.8	2.83	9.18	9.13	0.69	0.58	0.45	2.89	0.03	0.34
ENSG00000163347.5	22.32	25.99	65.16	32.61	30.3	8.37	0.32	0.86	0.12	0.46	4.51
ENSG00000144741.16	14.87	18.26	18.33	15.91	18.28	10.55	10.75	10.8	12.29	9.04	13.8
ENSG00000236269.1	0.11	0.28	0.67	0	0	0.96	2.66	1.36	1.23	2.02	1.67
ENSG00000158825.5	138.53	39.65	10.34	60.98	96.39	0	0	0	0.69	0.71	4.39
ENSG00000120899.16	19.34	32.68	65.77	57.37	12.94	1.44	3.28	2.09	1.88	5.79	0.44
ENSG00000250510.6	0	0	0	0	0.41	6.84	1.36	4.58	2.57	6.62	3.01
ENSG00000142530.9	1.59	1.61	1.23	2.4	1.53	0.4	0.26	0.23	0	0.96	0
ENSG00000029534.18	0.34	0.15	0.78	0.53	1.22	9.13	4.39	3.43	5.14	9.72	2.25
ENSG00000170561.11	30.74	41.05	31.44	8.68	27.44	0.02	5.16	4.73	0.07	0.04	0
ENSG00000134757.4	25.71	241.02	35.57	34.01	43.76	0.07	0.21	1.54	0.16	0.06	0.02
ENSG00000173267.12	131.92	143.25	64.17	42.35	62.15	0.1	0.25	0.08	0.86	0	23.03
ENSG00000101670.10	63.78	8.87	23.2	19.6	23.45	0.29	0.36	2.69	2.26	0.06	4.6
ENSG00000261183.4	13.72	36.01	8.58	24.88	8.83	0	0.29	0.54	0	0.39	0
ENSG00000274383.1	0.32	0.38	0.48	0.7	1.32	5.08	1.69	4.6	2.05	4.39	4.55
ENSG00000109906.12	8.19	11.63	20.58	10.61	4.89	0.02	0.21	0.01	0.05	0	0
ENSG00000197375.11	18.2	29.27	21.88	26.77	18.88	8.37	3.87	2.97	5.71	6.36	11.53
ENSG00000119888.9	5.48	15	9.07	26.73	9.84	0	0.05	2.05	0.31	0.73	3.25
ENSG00000166441.11	1527.99	2162.36	2545.85	2034.35	2065.31	794.23	836.8	578.68	992.07	872.99	1409.43
ENSG00000164292.11	2.69	1.56	6.52	3.64	7.83	21.68	20.99	36.86	21.83	28.15	49.4
ENSG00000179913.9	39.79	5.18	15.24	32.89	15.8	0.08	0.06	0	0.21	0	2.08
ENSG00000091409.13	90.24	96.71	146.13	104.34	127.05	19.61	33.56	4.55	6.6	11.59	16.24
ENSG00000040275.15	26.97	8.74	16.02	18.57	18.86	51.93	47.83	95.47	49.16	86.42	74.08
ENSG00000182541.16	72.64	137.23	66.82	30.62	75.87	6.75	9.21	10.45	18.92	2.94	17.4
ENSG00000115194.9	0.21	0	0	0	0	0.74	0.59	0.38	1.01	0.79	0.34
ENSG00000170390.13	0.03	0.23	0.27	0.39	0	6.39	7.42	3.49	3.41	14.43	2.71
ENSG00000168528.10	721.74	260.65	269.92	201.73	149.19	0.29	0.76	0.53	34.12	3.82	17.14
ENSG00000100154.13	1.72	0.3	0	0.04	0.05	3.42	4.98	2.82	9.07	3.24	4.67
ENSG00000164855.14	17.3	48.87	8.61	11.91	9.74	0	0.12	0.95	0.15	1.99	3.01
ENSG00000253368.3	27.67	57.95	26.25	15.13	18.4	3.54	0.33	2.57	7.9	0.06	1.78
ENSG00000230937.8	199.01	674.45	373.33	38.1	344.67	0	0.17	0.14	0	0.13	0
ENSG00000204536.12	7.85	8.48	10.04	11.02	15.1	22.01	29.85	31.23	35.52	77.83	31.96
ENSG00000096070.18	3.59	5.4	5.21	7.43	6.08	15.05	11.46	12.8	13	30.54	20.37
ENSG00000164663.12	0.81	1.44	0.52	0.54	0.3	3.27	4.24	2.49	2.94	2.88	1.52
ENSG00000117472.8	70.43	151.2	20.79	55.06	18.28	1.1	0.95	0.87	0.79	8.02	2.21
ENSG00000240616.1	4.68	4.75	4.53	4.32	5.09	2.47	0.81	1.36	0.93	0.37	0.95
ENSG00000144749.12	1.48	1.11	2.9	3.48	2.71	7.92	8.85	5.73	16.75	7.58	7.36
ENSG00000180921.6	70.46	80.3	93.98	75.07	163.19	2.9	6.23	3.64	0.34	24.09	1.22
ENSG00000163071.9	9.98	9.86	6.66	6.53	2.5	0	0.02	0	0	0.4	0
ENSG00000152291.12	20.67	15.15	19.54	31.91	30.88	42.11	91.06	49.48	65.5	77.33	69.67
ENSG00000182253.13	0.12	0.1	0.04	0.15	0.22	5.97	15.54	15.17	3.36	11.66	3.43
ENSG00000173705.7	4.04	0.39	0.57	1.1	0.38	22.64	15.92	16.52	3.38	8.86	19.91
ENSG00000141505.10	0.37	0	0	0.13	0	1.23	1	0.68	0.34	0.86	0.99
ENSG00000134955.10	167.13	17.82	25.64	30.79	63.78	0.57	0.93	0.18	9.99	1.19	2.43
ENSG00000161249.19	278.74	337.77	209.72	128.35	335.3	0	9.2	6.87	1.17	1.02	35.65
ENSG00000198729.4	10.52	42.61	16.47	10.6	9.77	0	6.2	0.08	0.03	0.1	1.56
ENSG00000148516.20	0.27	0	0.69	4.89	1.01	12.08	30.39	23.09	15.44	27.54	11.5
ENSG00000154102.9	82	52.28	67.92	78.26	81.48	0.86	8.91	4.14	0.33	1.11	11.64
ENSG00000179455.7	0	0	NA	0	0	2.23	6.11	6.25	3.58	1.39	6.2
ENSG00000105963.12	27.8	10.85	20.15	16.51	22.93	2	1.68	0.06	0.4	4.02	5.99
ENSG00000173156.5	240.18	321.42	199.5	257.88	233.53	0	6.93	6.59	0	0.11	20.43
ENSG00000084207.14	2107.5	2638.75	2707.96	1081.51	2133.06	514.42	778.03	450.29	265.72	601.86	154.71
ENSG00000203499.9	6.3	12.54	8.61	11.3	22.45	0.45	0.76	0.41	0.12	6.32	0.18
ENSG00000117595.9	52.49	209.73	102.42	18.37	150.57	0.05	0.1	0.25	0.01	0.05	0
ENSG00000135926.11	236.52	160.44	157.34	301.51	314.56	41.3	59.85	66.03	92.08	128.28	66.59
ENSG00000070081.14	13.81	10.15	9.12	9.56	3.92	63.97	69.62	107.03	21.09	34.19	33.01
ENSG00000001617.10	63.13	153.61	32.87	33.85	35.94	8.71	14.16	2.54	7.63	2.24	1.15
ENSG00000125148.6	5118.61	1819.65	4715.78	2922.91	2427.94	582.38	200.32	351.4	1102.79	816.6	805.25
ENSG00000267855.4	167.96	137.58	142.89	134.79	153.66	107.55	60.5	68.78	59.24	87.67	85.73
ENSG00000181350.10	0.35	0.28	0.36	0.11	0.54	1.17	0.9	0.79	0.86	1.36	1.83
ENSG00000125775.13	18.99	49.17	40.52	138.17	26.6	1.82	1.45	1.02	2.01	4.19	2.15
ENSG00000160712.11	10.79	11.18	8.15	9.7	12.08	1.05	4.57	0.62	0.98	1.03	3.35
ENSG00000127603.22	22.78	15.8	18.67	35.07	21.75	47.34	59.76	82.43	65.83	47.61	41.69
ENSG00000137312.13	19.57	40.06	19.82	34.82	43.22	69.89	121.17	107.35	93.12	293.04	109.04
ENSG00000142173.13	0.41	0	0.2	1.14	10.91	40.09	292.92	208.52	1365.44	95.59	16.3
ENSG00000119280.15	6.8	7.27	6.37	5.08	8.03	11.9	13.43	15.28	23.61	10.61	18.92
ENSG00000095383.18	52.34	26.07	41.08	45.24	65.79	12.91	3.03	7.71	9.17	21.04	9.16
ENSG00000223496.2	5.61	4.95	6.72	5.56	5.2	10.45	8.01	8.96	8.48	12.97	13.35
ENSG00000137440.4	119.75	49.84	73.7	13.02	128.84	0	0.17	0.04	0.1	0.09	0.06
ENSG00000135750.13	15.68	20.76	39.66	29.99	10.2	0	0.1	1.34	7.31	0.76	3.88
ENSG00000113328.17	108.15	93.61	91.4	68.69	89.46	27.52	61.39	24.58	26.33	16.51	27.2
ENSG00000221890.2	2.24	0.16	0.07	0.52	0.33	4.14	8.8	10.47	6.04	2.02	5.43
ENSG00000187801.13	0.24	0.43	0.87	0.85	0.31	4.31	2.35	3.96	2.18	5.75	1.49
ENSG00000100290.2	4.94	6.38	6.1	16.49	16.06	0	0.43	0.07	0.15	0.26	0.2
ENSG00000270049.1	0.36	1	0.61	0.74	0.92	2.21	1.71	1.63	1.89	1.24	2.71
ENSG00000126778.8	1.31	0.56	0.33	0.27	1.53	12.47	4.15	4.46	2.12	6.89	7.59
ENSG00000106004.4	9.41	4.26	6.89	6.34	13.97	0.14	1.71	1.05	0.71	3.48	0
ENSG00000266680.1	0.73	1.8	1.36	0.88	1.28	0.09	0.11	0.29	0	0.65	0.12
ENSG00000173214.5	0.68	0.87	0.62	0.5	0.74	1.53	1.73	1.22	1.25	0.96	1.18
ENSG00000130768.13	3.05	5.04	2.75	5.3	1.64	0.07	0.38	0.69	0.21	0.14	1.3
ENSG00000171219.8	8.69	19.09	4.32	4.47	6.62	0.77	0.06	0.28	0.01	0.11	0.81
ENSG00000125089.15	29.41	37.4	5.01	12.87	33.78	0.02	0.17	0.9	1.84	0	1.88
ENSG00000130584.9	1.28	0.59	0.46	0.51	0.56	2.6	3.16	1.33	1.97	3.17	1.61
ENSG00000168779.18	0.14	0.49	1.08	2.65	1.02	7.38	8.61	2.78	8.7	18.08	5.89
ENSG00000140284.9	1.19	1.41	0.57	1.5	1.62	0.25	0	0.25	0	0.14	0.43
ENSG00000112473.15	35.6	43.45	46.51	70.79	68.17	103.72	122.54	155.62	163.94	138.92	103.06
ENSG00000109534.15	17.19	7.03	12.86	8.77	8.64	22.98	41.53	41.93	29.66	27.31	23.81
ENSG00000115221.9	27.92	21.81	9.74	73.33	11.1	0.62	0.54	0.9	0.02	0.05	0
ENSG00000099812.7	32.23	16.8	19.64	29.13	42.01	0	0	0.07	1.03	0.22	12.07
ENSG00000225932.3	1.85	3.14	6.44	2.17	2.36	0	0	1.5	0.07	0	0.05
ENSG00000167770.10	156.94	202.31	160.52	123.67	132.95	105	77.13	74.84	85.05	75.38	93.26
ENSG00000104626.13	5.07	2.55	5.67	5.24	5.03	17.27	12.53	17.57	10.41	12.47	7.11
ENSG00000233276.3	845.83	476.75	624.22	870.47	487.41	243.23	172.5	147.63	287.69	241.52	401.69
ENSG00000221869.4	15.04	30.45	30.35	20.87	40.07	6.25	1.13	1.4	1.48	11.89	1.21
ENSG00000226287.6	34.25	17.67	12.91	20.1	8.11	2.28	2.45	1.23	5.16	3.44	2.93
ENSG00000143537.12	139.44	198.33	285.32	218.49	263.57	84.22	46.13	52.27	58.57	73.58	148.77
ENSG00000112877.7	5.47	2.59	4.55	4.24	5.43	8.85	10.7	18.17	9.93	7.56	13.41
ENSG00000205744.8	2.4	6.18	2.58	1.73	3.4	0	0.06	0.05	0.14	0.29	0.59
ENSG00000137767.12	84.98	48.63	69.8	212.45	41.72	1.9	7.29	2.28	0.63	4.15	31.43
ENSG00000167601.10	54.02	11.23	38.05	12.66	26.67	114.22	75.2	183.36	472.99	217.5	314.76
ENSG00000158292.6	12.08	9.67	14.52	15.21	17.96	2.62	4.61	1.66	0.93	6.99	1.43
ENSG00000155970.10	0.05	0.38	0	0	0.1	1.56	0.92	0.74	0.6	1.98	0.8
ENSG00000058056.7	2.45	1.69	4.17	5.21	3.82	12.09	13.73	17.4	7.2	7.29	11.51
ENSG00000060558.3	45.04	38.8	60.2	55.58	91.35	0	0.1	0.05	0.09	0.1	21.52
ENSG00000143322.18	7.2	4.67	6.63	11.67	6.37	25.53	14.59	22.12	15.01	44.32	19.53
ENSG00000189091.11	128.02	91.32	150.24	122.23	159.95	261.49	293.74	229.72	177.72	278.38	263.13
ENSG00000154229.10	6.43	0.72	2.8	5.17	2.85	28.21	10.16	32.92	17.42	31.48	19.53
ENSG00000135821.15	579.2	1711.26	546.61	208.41	372.96	0.53	5.28	53.64	14.29	47.07	34.76
ENSG00000170473.15	32.67	31.86	26.26	26.85	54.65	8.08	11.78	17.08	12.6	18.16	14.33
ENSG00000158125.8	15.57	2.74	15.18	11.18	16.77	0.46	2.49	0.09	0.29	1.99	0
ENSG00000128016.5	54.69	67.16	54.43	78.89	61.89	13.52	5.31	4.73	26.1	17.59	10.54
ENSG00000130762.13	8.69	24.39	8.86	4.05	8.19	0.17	0.19	1.02	1.07	0.35	3.5
ENSG00000150782.10	116.8	90.23	172.3	75.96	92.46	0.11	0.18	0.4	0	3.41	31.1
ENSG00000167306.17	16.44	24.55	9.88	31.48	12.22	0.04	3.05	5.92	1.67	0.02	2.98
ENSG00000105991.7	6.47	3.12	4.01	3.13	6.36	0.08	0.54	1.37	0.92	2.27	0
ENSG00000135828.10	2.54	2.93	1.91	1.4	2.23	0.56	0.93	1.49	0.3	0.46	0.66
ENSG00000125538.10	7.94	10.88	27.04	59.5	34.66	0	0.42	0.62	0.16	0	0.5
ENSG00000153936.15	6.59	4.72	4.2	3.12	2.88	15.79	26.01	20.18	7.43	9.33	14.1
ENSG00000240288.6	0.4	0	0.17	0.17	0.54	1.44	0.77	1.56	0.83	1.04	0.84
ENSG00000070882.11	17.7	14.54	19.35	16.38	20.16	5.68	4.82	6.22	8.59	6.39	13.39
ENSG00000125850.9	20.76	29.43	5.43	10.57	6.86	0	0.37	0.09	0	0	0
ENSG00000137878.15	6.65	1.49	2.29	5	3.48	0	0.06	0.12	0	0	1.21
ENSG00000133477.15	15.77	26.52	6.84	7.08	5.62	0	0.08	0.03	0.01	0	0
ENSG00000156983.14	10.57	8.11	8.93	10.26	10.08	21.77	12.99	27.71	17.31	15.94	19.45
ENSG00000139132.13	10.7	6.3	4.72	4.83	2.82	0.19	0.66	0.42	3.52	0.07	0.45
ENSG00000112763.14	4.73	7.63	9.56	11.46	7.79	21.36	16.16	28.07	19.47	19.74	18.64
ENSG00000164300.14	10.92	16.46	7	10.84	8.24	3.65	3.7	3.34	3	4.15	2.51
ENSG00000143546.8	13.34	202.3	195.71	142.55	239.31	0.72	39.06	2.67	0.19	0	0
ENSG00000168297.14	7.56	4.07	7.54	7.06	3.1	17.8	32.63	16.98	12.08	30.77	11.93
ENSG00000124762.12	149.01	286.65	90.85	429.24	290.65	8.2	3.5	2.71	30.76	68.92	17.32
ENSG00000263235.1	0.78	0	0.41	0.2	0.67	0.7	1.81	2.35	2.62	2.45	2.14
ENSG00000197070.12	137.22	156.55	69.02	140.39	63.77	24.08	7.72	6.6	9.21	44.75	30.6
ENSG00000257671.1	34.15	7.98	14.42	9.11	7.34	0	0.23	6.15	0.08	0	1.87
ENSG00000198919.11	2.55	1.28	1.2	0.91	0.75	3.83	7.28	3.8	4.32	2.97	3.11
ENSG00000105514.6	20.51	59.12	44.3	44.26	33.41	5.15	6.03	8.54	2.25	23.51	4.09
ENSG00000052344.14	54.67	203.98	12.47	62.84	31.02	0	0.12	0.04	0.21	0	0.22
ENSG00000179862.6	15.62	4.83	6.84	15.43	15.12	4.39	0.41	2.16	0.46	2.56	0.2
ENSG00000198815.7	12.06	10.01	12.76	10.94	8.61	15.89	22.66	34.06	18.74	22.13	17.31
ENSG00000027075.12	4.81	9.26	8.88	3.62	7.49	1.39	0.85	2.51	0.71	3.61	1.38
ENSG00000128524.4	226.31	271.26	214.91	238.69	355.22	174.52	137.57	98.81	119.06	171.98	149.57
ENSG00000178053.16	6.27	5.17	2.97	5.93	5.63	28.46	10.96	26.94	10.1	18.16	11.86
ENSG00000164610.7	11.78	6.99	11.66	8.12	11.99	27.93	19.64	18.48	19.23	21.03	15.04
ENSG00000155760.2	2.92	0.8	1.21	2.65	3.32	10.04	8.14	8.02	32.72	6.13	11.15
ENSG00000146426.16	0.18	1.03	0.53	2.02	0.36	3.36	5.93	6.14	2.34	4.09	3.18
ENSG00000168447.9	23.66	25.07	14.34	27.55	2.82	0	0.22	0.14	0.05	2.2	0
ENSG00000112511.16	7.63	14.31	12.13	24.53	10.71	28.18	43.54	45.83	30.5	81.83	45.33
ENSG00000197582.5	3.24	3.03	1.44	4.18	5.05	0.69	0	0	0.61	1.8	0
ENSG00000162729.12	35.73	32.58	28.34	68.99	37.2	15.77	18.09	11.74	11.72	14.03	11.14
ENSG00000135905.17	2.74	1.56	0.82	1.21	0	17.02	30.99	19.26	21.83	85.26	3.24
ENSG00000105699.15	260.66	286.03	105.01	128.28	123.53	3.57	2.32	3.05	4.89	3.74	94.09
ENSG00000076604.13	120.39	153.46	82.98	137.56	126.13	38.96	18.17	45.05	37.49	58.01	68.59
ENSG00000121552.3	68.09	616.47	105.73	23.15	36.5	0.38	2.55	1.62	0.31	0	0
ENSG00000164695.4	11.65	17.63	11.13	6.2	11.6	0	0.08	3.88	0.07	0.35	4.14
ENSG00000165105.9	5.12	3.74	2.32	3.57	4.37	5.18	13.72	14.61	19.33	15.18	9.35
ENSG00000268516.2	0.25	0.97	0.51	0.53	0.67	1.88	2.08	2.33	1.45	3.08	0.97
ENSG00000136155.15	6.45	29.02	3.97	8.42	9.36	0	0	0	0	0	0.7
ENSG00000204580.10	63.05	269.03	60.11	99.01	112.56	14.66	36.82	24.58	14.49	19.19	9.44
ENSG00000170345.8	31.04	28.8	13.42	42.15	62.42	0.81	4.04	5.92	2.44	8.95	11.3
ENSG00000241404.5	3.15	3.12	3.48	2.83	2.32	5.52	6	8.62	6.44	13.8	12.12
ENSG00000196872.9	4.44	3.2	1.34	3.77	1.92	1.35	0.02	0.1	0	0.94	0.02
ENSG00000275401.1	0.46	0.41	0	0	0	0.9	0.61	0.95	1.64	1.35	0.86
ENSG00000261116.1	0.8	2.22	2.7	1.35	1.31	0.41	0.41	0.06	0	0	0
ENSG00000101849.14	0.6	2.26	1.06	4.7	3.91	10.03	15.62	8.73	9.62	38.32	13.44
ENSG00000253313.4	5.19	7.02	1.6	3.7	3.32	0	0.15	0.16	0.05	0	0
ENSG00000164366.3	2.73	3.37	2.44	2.16	2.13	4.23	8.26	6.57	6.07	3.47	6.04
ENSG00000108602.16	70.55	138.55	46.34	25.68	11.13	2.78	6.86	0	0.09	8.43	0.38
ENSG00000157184.5	18.05	21.68	15.7	9.98	12.57	5.41	4.76	5.84	6.23	8	5.94
ENSG00000117676.12	66.72	56.84	37.66	48.35	55.38	6.14	31.06	12.07	5.98	7.78	17.45
ENSG00000107104.17	16.69	48.03	24.65	26.25	29.44	9.71	10.29	10.21	13.28	9.29	4.28
ENSG00000153904.17	4.72	0.79	2.29	4.43	1.76	42.97	5.9	49.37	69.57	15.85	90.85
ENSG00000277578.1	0	0	0.35	0	0	2.44	5.31	1.43	3.44	3.9	0.7
ENSG00000105372.5	2528.2	3525.06	2837.09	3685.36	4029.21	1685.25	897.22	1324.22	1911.07	1443.52	2282.08
ENSG00000112559.12	49.43	35.67	56.25	41.56	86.48	0	13.05	0.59	0.51	0	9.63
ENSG00000182585.8	82.64	82.03	66.77	275.16	10.45	0	0.12	0.05	0	0.24	0
ENSG00000135314.11	0.96	0.47	2.26	2.08	0	6.08	6.66	8.43	6.39	10.76	10.23
ENSG00000259768.5	0.73	0.34	0.76	0.39	0.18	0.66	1.78	1.48	1.71	1.71	2.12
ENSG00000131242.14	5.23	2.13	5.19	2.38	3.53	0.52	1.22	1.29	1.16	0.98	0.03
ENSG00000100226.14	16.65	16.58	14.38	9.36	11.39	17.37	34.11	26.02	33.2	27.27	27.07
ENSG00000179094.12	41.27	52.85	47.14	56.52	79.24	10.94	3.28	3.04	15.14	23.6	8.95
ENSG00000138376.9	4.56	2.68	4.47	6.87	5.55	9.8	13.66	14.18	9.59	10.44	12.72
ENSG00000135378.3	4.4	12.3	4.39	3.5	2.8	0.01	0.19	0.37	0.1	0.05	0.39
ENSG00000107679.13	13.64	25.1	20.93	10.81	14.66	6.2	10.76	4.21	2.83	6.85	4.49
ENSG00000166828.2	28.43	18.6	23.14	20.28	3.28	0	0.04	0	0	0.06	0
ENSG00000076356.6	16.87	9.23	26.14	11.03	18.75	2.26	1.53	0.44	2.94	0.06	8.18
ENSG00000102471.12	32.03	63.21	55.21	27.53	25.68	5.52	4.97	17.12	11.69	3.07	15.53
ENSG00000142156.13	5.28	0.02	1.63	0	21.31	33.23	263.77	210.07	2083	104.5	43.88
ENSG00000158055.14	6.07	21.21	12.05	3.55	16.18	0.14	0.17	0.07	0.04	0.04	0
ENSG00000169057.18	11.63	5.84	8.96	7.9	8.09	27.14	19.48	20.48	11.16	24.07	14.37
ENSG00000125730.15	31.28	68.2	141.55	463.9	172.37	1.97	4.42	3.18	4.79	2.67	2.98
ENSG00000253552.6	10.81	6.08	3.62	3.99	4.21	0	1.18	2.21	1.59	1.36	0.1
ENSG00000132849.17	5.39	6.8	7.98	5.62	8.44	2.16	3.89	2.39	1.1	2.51	0.48
ENSG00000146676.6	2.7	4.42	4.51	3.54	2.79	9.94	12.16	12.14	13.7	5.91	5.36
ENSG00000157514.15	63.77	299.11	33.5	65.29	100.67	10.74	9.99	7.29	5.85	21.12	3.4
ENSG00000167653.4	147.91	23.58	47.11	704	113.98	0.19	1.81	0.66	26.66	4.08	0.11
ENSG00000143198.11	126.54	150.13	134.51	101.94	187.03	47.54	117.07	50.61	43.56	54.58	65.93
ENSG00000141503.14	92.15	121.15	81.98	60.72	84.78	41.94	50.59	31.71	45	52.02	43.37
ENSG00000260949.1	0.17	0	0.3	0	0	0.8	1	1.33	0.88	1.26	0.21
ENSG00000115008.5	13.36	12.42	39.31	45.85	5.69	0	0	0.05	0.03	0	0.08
ENSG00000260328.1	1.69	0.88	0.67	0.78	0.98	0	0.25	0	0.34	0.03	0.53
ENSG00000077238.12	40.53	30.55	41.85	39.39	42.15	10.14	11.67	4.29	19.13	10.03	18.22
ENSG00000234665.7	6.22	4.43	4.72	6.41	15.25	0.21	0.23	0.03	0.13	0.12	5.27
ENSG00000162086.13	2.68	2.64	4.48	6.21	2.58	10.28	16.68	45.81	11.94	9.82	12.25
ENSG00000280152.1	0.45	0.26	0.19	0.15	0.24	0.58	0.48	1.14	0.86	1.02	0.61
ENSG00000132010.14	0	0	0.72	0	0	1.12	2.23	1.86	0.83	1.9	0.55
ENSG00000163947.10	17.85	18.48	7.78	23.17	7.53	2.37	3.75	2.56	1.18	5.1	3.61
ENSG00000116273.5	6.53	5.76	6.38	3.03	6.18	17.62	8.2	10.45	18.04	15.31	10.85
ENSG00000116885.17	9.82	8.28	4.94	7.41	5.45	2.96	2.89	2.53	2.61	5.34	2.24
ENSG00000110721.10	6.56	3.53	6.74	3.04	2.57	16.05	17.72	19.07	6.83	10.55	27.66
ENSG00000134531.8	423.57	646.99	177.87	471.19	347.53	74.82	116.66	87.09	82.5	109.99	73.48
ENSG00000137857.16	38.45	102.69	14.52	9.2	39.1	0.1	0.73	0.32	0.51	0.32	0.67
ENSG00000114737.14	3.67	3.03	1.71	2.5	4.96	0.36	0.75	0.85	1.57	0.37	1.22
ENSG00000133111.3	1.13	1.63	1.56	1.27	1.25	5.51	4.02	4.37	2.65	3.77	1.99
ENSG00000175906.4	38.86	40.41	15.07	50.27	47.43	1.24	6.7	10.92	9.3	12.75	6.55
ENSG00000073060.14	101.17	135.01	91.97	53.42	124.81	28.89	22.6	44.93	18.1	44.03	52.5
ENSG00000184731.5	3.05	5.38	3.6	5.77	1.31	0	0.19	0.06	0.03	0	0
ENSG00000088726.14	106.43	85.21	10.72	9.36	18.26	6.24	0.05	0.21	0.04	0	0.05
ENSG00000185924.6	5.24	5.47	4.08	6.77	3.93	0.6	3.76	0.3	0.77	0.37	0
ENSG00000265752.2	1.09	0.89	1.33	2.16	2.48	0.06	0	0	0	0	0
ENSG00000150867.12	6.19	3.97	6.55	12.33	6.49	23.94	14.17	34.51	12.97	18.25	18.67
ENSG00000213967.9	0	0	0.78	0.45	0	4.42	9.17	3.83	5.06	2.69	0.71
ENSG00000139173.8	2.77	4.51	3.42	1.24	1.59	0	0.39	0.23	0.03	0.08	0.5
ENSG00000127507.16	6.27	12.19	4.18	30.97	8.78	0	0.46	0.06	0.3	0	0.07
ENSG00000184900.14	71.85	59.99	63.72	91.74	48.21	139.75	114.8	88.54	116.41	139.59	150.07
ENSG00000184840.10	191.8	191.42	167.53	196.82	167.73	289.17	233.45	206.11	245.49	243.02	220.55
ENSG00000226887.6	2.33	19.41	14.91	7.73	7.37	0.02	0.75	0.32	0.07	1.55	0
ENSG00000164587.10	1663.05	2744.13	2128.18	2247.31	2488.97	1380.27	1353.09	858.15	1364.19	1570.79	1377.73
ENSG00000197355.9	5.01	0.77	1.41	2.13	1.38	24.06	4.18	6.43	14.94	20.02	9.47
ENSG00000125746.13	46.94	77.59	58.45	143.26	79.56	9.38	10.29	30.79	27.17	35.86	21.69
ENSG00000112378.11	50.54	438.66	192.28	108.33	196.13	0.75	10.89	14.9	34.52	10.9	28.03
ENSG00000174292.11	11.47	14.09	8.22	9.48	10.38	0.94	3.35	2.05	0.11	3.73	3.83
ENSG00000038382.16	29.75	14.19	23.95	26.24	21.17	46.7	39.24	57.95	96.1	59.03	35.79
ENSG00000108797.10	2.52	0.26	1.51	4.14	1.53	12.08	11.09	3.6	15.39	10.25	9.8
ENSG00000229953.1	10.74	5.66	1.7	7.18	13.19	0	0	0	0.88	0.18	1.2
ENSG00000164050.11	76.58	102.78	101.74	16.97	22.95	11.76	4.86	8.2	6.82	1.52	1.29
ENSG00000164949.6	0.84	0.13	0	1.16	1.51	4.3	15.05	18.92	24.62	173.98	14.14
ENSG00000134259.3	0.14	0	0	0	0	39.45	5.57	9.16	33.09	3.86	3.73
ENSG00000103490.13	90.53	13.09	6.83	32.6	107.47	0	0.28	6.15	0.18	0.45	0
ENSG00000169919.15	33.15	37.59	45.75	39.11	36.87	63	47.06	50.56	63.4	70.59	85.26
ENSG00000188100.8	12.96	10.53	4.3	37.88	34.73	0	0	0	0	0	0
ENSG00000142765.16	36.22	122.63	23.48	16.88	13.72	0.89	1.93	1.17	1.7	0.74	2.28
ENSG00000112941.11	16.64	14.5	19.02	13.49	17.58	23.5	28.84	29.73	23.09	19.48	21.86
ENSG00000174501.13	2.04	1.4	0.69	2.49	1.1	3.38	10.44	5.46	4.66	5.99	2.85
ENSG00000169504.13	15.64	31.01	27.96	25.01	30.05	85.33	103.83	52.67	89.89	64.86	32.19
ENSG00000182165.16	44.41	102.8	34.5	13.4	47.99	2.24	11.91	4.4	1.84	13.2	5.08
ENSG00000115129.12	113.33	177.23	74.46	280.84	59	12.32	1.1	8.2	19.16	27.26	30.98
ENSG00000100321.13	2.36	0.49	0.02	4.18	3.72	20.84	18.42	10.73	89.54	11.68	9.53
ENSG00000184916.7	105.42	145.8	55.72	8.85	54.97	3.79	2.74	6.22	0.06	8.17	0.89
ENSG00000172007.5	0.96	1.52	1.19	1.63	1.07	3.35	NA	NA	2.33	3.03	1.59
ENSG00000108219.13	56.42	64.52	42.26	80.14	74.35	17.85	4.77	11.38	17.53	23.22	31.99
ENSG00000054277.11	17.99	20.76	42.42	30.73	10.77	5.93	5.23	3.58	5.06	3.16	5.38
ENSG00000272843.1	0	0.42	0	0	0.39	0.62	1.38	0.88	0.89	0.59	1.91
ENSG00000176658.15	23.5	12.68	24.17	23.54	26.11	0.06	0.85	0.13	0.48	0.37	15.39
ENSG00000196081.8	0.21	0.51	1.59	0.91	0.68	3.66	7.61	5.86	4.76	2.67	1.3
ENSG00000178826.9	41.73	37.17	14.31	16.25	4.29	0.13	0.85	0.54	0.22	0.42	1.27
ENSG00000123106.9	7.71	6.93	5.24	7.15	3.47	9.79	15.38	12.18	10.89	18.42	12.98
ENSG00000140993.9	0.17	0.4	0.23	1.89	0.59	3.23	4.85	7.19	2.09	2.34	2.02
ENSG00000235501.4	0.39	0.19	0.19	0.48	0	2.71	2.26	2.66	0.55	4.83	1.91
ENSG00000184792.14	86.14	22.44	58.87	139.96	15.06	1.96	3.21	1.71	2.07	4.57	1.67
ENSG00000268093.1	0.42	0.25	0	0	0	0.37	0.57	0.85	1.21	0.89	0.67
ENSG00000120162.9	5.44	15.14	4.68	2.38	5.66	0.1	0.05	0.08	0.18	0.02	0.31
ENSG00000196878.11	240.43	283.32	549.32	875.56	317.4	2.5	21.44	4.68	42.08	15.05	157.89
ENSG00000230439.2	20.1	4.5	37.48	13.32	64.21	0.24	0.22	1.23	0.12	0.67	4.6
ENSG00000239884.3	4.93	3.29	2.97	6.01	4.48	1.5	1.99	1.1	1.96	0	1.18
ENSG00000112531.15	16.5	26.26	35.74	29.84	26.44	98.74	48.49	59.87	35.69	86.11	64.33
ENSG00000197937.11	0.42	0	0.23	0.39	0	6.8	8.87	6.25	4.61	0.98	1.77
ENSG00000012660.12	29.42	43.43	37.81	36.49	48.76	71.88	69.51	72.08	53.88	85.33	47.94
ENSG00000170006.10	6.35	4.31	4.3	4.96	9.04	0.15	0.19	3.2	0.51	0.01	2.38
ENSG00000122882.9	17.51	11.75	14.94	10.77	11.89	25.66	16.12	26.64	19.08	23.31	28.01
ENSG00000180287.15	3.57	18	3.6	6.25	3.45	0	0.2	0	0	0	0.8
ENSG00000172262.10	14.08	9.02	13.59	14.05	7.59	26	27.59	24.67	23.44	15.04	25.56
ENSG00000174446.11	7.73	7.7	5.63	10.13	10.54	19.19	29.96	20.75	11.04	42.85	21.73
ENSG00000117602.10	10.47	8.17	7.04	8.55	6.03	1.59	2.84	2.17	2.93	3.43	6.71
ENSG00000205659.9	3.37	1.28	3.2	2.04	2.38	4.86	5.85	11.44	4.72	7.63	4.48
ENSG00000197249.11	27.61	4.52	7.36	40.36	14.59	0.78	1.44	0.77	0	0	1.27
ENSG00000198142.4	10.04	11.01	9.73	8.32	21.98	2.98	0.88	4.77	3.67	3.41	6.36
ENSG00000164176.11	0	0.08	0	0.21	0	9.55	97.84	40.73	16.67	1.81	34.27
ENSG00000117174.9	8.39	4.59	9.76	5.4	5.96	18.24	28.33	109.41	18.2	21.85	39.1
ENSG00000132334.15	17.26	7.01	23.05	24.08	23.12	4.91	8.48	2.81	0.96	5.13	4.44
ENSG00000170264.11	0.87	0.98	1.01	1.28	0.59	2.3	4	5	2.64	1.43	2.66
ENSG00000118898.14	35.34	78.7	16.98	19.79	23.29	0.04	0.58	1.08	0.87	24.25	0.05
ENSG00000061938.15	51.39	55.86	28.07	46.59	31.77	12.26	6.22	9.89	25.88	23.01	7.8
ENSG00000176092.12	11.04	19.96	2.23	10.64	11.79	0.5	0.11	0.2	0.3	0.29	0.99
ENSG00000099381.15	9.93	6.39	8.64	8.26	9.97	13.41	13.74	15.84	12.33	24.92	13.76
ENSG00000153956.14	0	0	0	0	0	0.25	2.2	2.89	3.62	2.73	1.9
ENSG00000272398.4	56.21	535.08	18.83	230.96	173.02	6.58	2.11	2.49	2.16	1	1.24
ENSG00000143382.12	9.31	50.28	5.09	24.14	16.13	0.23	0.56	1.9	0.71	1.23	0.41
ENSG00000142910.14	320.36	231.51	71.85	94.14	117.48	0.24	3.36	3.09	0.18	0.46	94.28
ENSG00000013588.5	301.11	230.05	91.75	575.11	121.81	10.08	0.6	19.96	10.74	38.46	54.92
ENSG00000182973.17	11.95	5.86	10.13	7.63	7.73	19.28	21.25	21.05	16.34	11.15	14.37
ENSG00000102974.13	14.62	7.87	15.5	11.93	13.25	23.74	33.33	25.1	17.42	19.41	34.27
ENSG00000169469.8	23.88	1412.64	116.92	107.43	982.33	0.12	0.15	0	0	0.24	0
ENSG00000183431.10	47.1	22.43	39.01	36.66	30.51	82.57	65.83	109.69	54.34	57.26	62.8
ENSG00000155252.13	28.46	29.31	14.12	20.52	22.95	13.02	8.61	5.88	5.05	7.19	15.99
ENSG00000138771.13	9.86	8.36	6.63	8.94	4.29	0.47	2.12	2.7	1.66	0.32	4.49
ENSG00000124839.11	13.56	7.36	5.72	7.26	1.61	0	0.59	0.19	0.63	0	2.42
ENSG00000109099.12	3.82	15.28	2.62	14.16	4.14	55.73	35.42	16.37	50.51	45.29	68.47
ENSG00000135373.11	16.87	66.51	6.01	56.79	11.09	0	0.23	0.05	0.11	0	0
ENSG00000203724.9	16.95	13.77	12.91	14.16	15.37	10.84	6.04	6.84	9.88	5.25	9.71
ENSG00000128165.8	0.7	0.39	0.24	0.34	0.27	2.01	6.56	6.47	4.95	10	1.24
ENSG00000167644.10	593.24	357.51	367.97	489.54	825.41	0	0.23	0	1.23	0.4	286.14
ENSG00000196867.6	0	0	0	0	0	4.44	1.42	3.33	0.56	1.25	1.95
ENSG00000131381.11	7.52	5.62	7.21	5.28	4.99	9.4	11.93	13.67	9.63	9.86	7.24
ENSG00000198315.9	2.85	4.35	3.41	2.02	1.4	5.33	9.36	11.36	4.66	8.85	5.93
ENSG00000275234.1	1.84	7.66	2.56	2.26	2.06	0	0	0.1	0.44	0	0
ENSG00000112186.10	2.55	3.37	4.08	4.19	0.3	36.52	9.88	16.7	11.79	6.78	15.06
ENSG00000156639.10	24.96	39.44	36.82	44.02	29.24	75.78	50.4	54.39	51.3	103.3	88.43
ENSG00000071794.14	6.34	3.13	4.85	7.05	7.77	21.24	51.04	98.57	15.17	14.06	29.33
ENSG00000036549.11	12.47	10.87	10.26	11.77	9.45	22.48	14.17	23.02	13.32	22.88	24.26
ENSG00000149328.13	17.21	2.21	10.55	5.19	7.24	0	2.54	0.69	0.01	1.56	0.07
ENSG00000137404.13	26.76	20.77	21.45	20.66	17.26	26.81	51.01	30.1	40.03	41.82	30.5
ENSG00000168143.8	2.26	5.77	5.16	2.58	1.14	0.9	0.42	0.09	0.02	0	0
ENSG00000145833.14	34.56	24.14	39.08	24.1	27.64	57.8	56.4	73.12	61.1	31.83	67.36
ENSG00000128271.18	0.49	0.16	0.3	0.75	0	8.51	4.24	12.62	6.63	3.21	0.88
ENSG00000139636.14	23.7	39	17.77	22.18	20.27	7.55	11.27	14.03	8.36	16.45	9.84
ENSG00000148019.11	6.3	3.06	7.35	4.3	2.77	10.11	13.68	17.98	9.92	9.21	12.97
ENSG00000186831.10	3.25	3.95	4.14	0.85	4.91	0	0	0	0	0	0
ENSG00000103150.5	1.94	1.64	2.24	2.11	1.94	1.04	0.91	0.77	0.86	1.56	1.6
ENSG00000089335.19	2.63	0.26	0.2	3.19	1.68	7.11	22.13	19.71	5.03	7.49	5.17
ENSG00000273047.1	5.75	4.33	5.7	7.84	5.26	4.46	0.97	0	0	0	0
ENSG00000257084.1	22.68	50.19	3.53	11.31	11.65	0	0	0	0	0	0
ENSG00000153187.15	106.27	73.63	142.29	78.02	115.07	161.31	225.49	272.4	151.4	216.06	177.64
ENSG00000205189.10	0.79	0.81	2.13	0.26	0.87	2.66	7.43	13.65	2.46	5.35	3.64
ENSG00000197043.12	2.28	2.91	2.86	2.82	32.37	74.61	18.47	58.69	116.38	78.56	91.54
ENSG00000163624.5	9.57	16.15	8.63	3.98	2.37	0.11	3.52	0.65	0.14	0.16	0.54
ENSG00000135127.10	6.38	11.16	15.24	2.36	15.46	0.84	0.5	0.33	0.37	0.11	0.54
ENSG00000163932.12	67.47	49.3	20.84	44.73	22.13	9.67	11.88	6.92	11.68	4.52	20.3
ENSG00000173898.10	7.55	15.22	14.53	19.55	21.54	3.79	3.12	4.1	0.82	0.43	8.55
ENSG00000176387.6	8.35	24.22	3.97	4.05	9.15	0.79	0.08	1.13	0.32	0.4	1.22
ENSG00000130695.12	12.74	7.02	11.91	7.6	13.76	22.58	32.23	21.64	15.38	19.91	20.02
ENSG00000183943.5	23.24	18.05	21.47	16.25	13.25	5.38	13.64	3.23	1.5	5.59	3.16
ENSG00000159388.5	28.8	94.1	14.01	7.72	28.93	0.89	1.36	0.58	0.59	1.42	1.01
ENSG00000173480.9	1.02	0.49	1	1.46	0.28	1.9	2.53	7.55	2.71	3.65	2.24
ENSG00000158769.16	55.53	82.99	61.56	22.56	51.45	10.02	4.98	13.37	0.18	0.57	11.99
ENSG00000161513.10	24.78	34.03	14.24	19.22	42.92	3.64	7.21	4.12	2.71	16.81	10.3
ENSG00000169992.8	11.87	4.49	2.77	5.83	2.08	37.1	17.5	8.63	46.26	44.59	16.27
ENSG00000115339.12	14.69	11.93	22.48	10.25	4.63	0.13	0	0.31	1.06	0.06	10.37
ENSG00000057149.13	3.02	3.73	2.8	15.24	6.26	0	0.07	0	0	0	0
ENSG00000065060.15	1.12	1.48	2.62	2.36	1.7	4.25	6.48	2.82	4.63	11.47	5.2
ENSG00000100014.18	13.2	6.79	8.77	10.92	9.35	14.66	39.54	36.27	30.69	15.83	18.66
ENSG00000006638.10	0.16	0.13	0.09	0.32	0.79	2.19	1.8	1.9	6.42	0.82	2.56
ENSG00000214331.7	4.44	2.51	2.3	3.71	2.35	6.98	8.94	6.88	8.38	9.07	3.25
ENSG00000221968.7	102.08	80.4	79.07	58.76	38.6	16.97	24.76	12.68	32.18	40.63	33.32
ENSG00000186350.9	58.84	65.26	37.81	29.44	48.05	14.33	17.81	32.73	21.79	24.39	17
ENSG00000116514.15	26.2	22.66	20.77	35.72	26.28	10.12	13.86	11.31	9.15	24.35	11.06
ENSG00000108312.13	43.49	38.77	35.31	36.09	51.57	46.9	57.49	78.55	70.55	87.71	61.31
ENSG00000249846.5	0.21	0.2	0.15	0.06	0	0.28	1.32	2.14	1.11	1.32	0.87
ENSG00000111647.11	1.32	2.46	4.21	3.25	1.25	7.53	13.95	12.38	4.67	4.51	7.58
ENSG00000171444.16	19.66	30.52	7.46	10.06	19.57	0.23	3.73	7.94	4.52	2.11	2.09
ENSG00000164120.12	6.01	12.4	5.28	11.92	1.33	0	0.15	0.16	0	0	2.08
ENSG00000168005.7	21.69	21.28	18.58	13.22	17.15	35.11	26.99	28.68	29.27	23.47	45
ENSG00000096060.13	63.94	170.56	124.73	74.62	116.48	0	32.18	10.64	1.87	6.65	16.75
ENSG00000110811.18	3.81	0	4.68	1.57	9.1	38.1	49.43	15.98	54.82	33.06	12.9
ENSG00000196437.9	0	0	0.6	0	0	6.04	6.55	5.7	0.58	3.85	1.32
ENSG00000100296.12	27.19	16.06	28.12	26.86	32.76	40.28	62.4	41.29	73.82	41.26	46.33
ENSG00000186017.13	0.45	1.4	0.82	0.85	0.4	5.65	7.22	8.84	3.51	1.25	2.99
ENSG00000100151.14	26.15	27.32	31.69	15.87	23.74	10.82	7.06	4.28	8.78	9.97	19.55
ENSG00000268362.4	0.21	0.37	0.29	1.03	0	0.99	1.29	2.02	1.92	0.93	2.36
ENSG00000126822.14	21.54	23.79	23.73	26.43	34.25	1.38	3.44	4.09	6.93	0.34	12.78
ENSG00000164078.11	66.99	21.92	39.17	44.94	4.33	0.15	0.75	1.15	0.51	0.91	13.96
ENSG00000125637.14	11.59	10.45	4.83	37.3	7.59	0.58	0.34	1.25	1.05	2.94	2.03
ENSG00000197385.5	1.38	0.95	2.77	1.68	1.04	0.03	0.61	0.38	0.02	0.28	0.75
ENSG00000163931.14	1160.72	1333.75	693.34	838.53	776.85	397.28	500.81	272.92	516.82	704.06	295.86
ENSG00000181007.8	0	0	0.11	0.03	0	5.61	4.68	11.03	0.69	2.36	2.56
ENSG00000163191.5	2077.98	1623.54	2123.77	2713.5	3490.59	1195.88	236.87	308.97	255.3	1067.01	767.59
ENSG00000175416.11	319.95	377.72	404.34	334.02	433.48	86.32	49.88	50.11	146.14	127.56	235.6
ENSG00000099864.16	0.06	0.03	0.81	0.12	0	14.58	6.04	1.97	1.97	15.52	2.55
ENSG00000166619.11	141.39	125.64	117	48.85	105.36	42.17	30.28	36.98	32.48	26.49	39.87
ENSG00000272405.1	6.42	3.99	1.33	3.47	10.79	0	0	0.03	0.51	0	1.1
ENSG00000140832.8	5.79	14.13	3.97	3.39	2.32	0.1	0.31	0.15	0.23	0.04	0.03
ENSG00000109667.10	29.14	18.48	13.88	2.08	13.2	0	0.2	0.03	0.1	0.15	0
ENSG00000225697.9	72.09	56.86	74.49	38.26	37.49	22.2	20.08	25.21	21.9	21.12	32.65
ENSG00000116741.7	11.22	36.95	19.4	11.29	48.54	2.94	9.84	4.48	2.42	2.38	4.03
ENSG00000094880.9	16.71	12.41	19.37	11.9	12.3	24.33	18.54	29.05	21.16	26.17	25.71
ENSG00000206344.6	0.28	0.05	0	0.39	0.43	0.51	4.52	1.28	2.48	2.56	2
ENSG00000127824.12	540.36	94.05	276.27	608.12	411.54	64.29	95.57	15.03	0.81	3.98	15.52
ENSG00000173432.9	8.77	720.42	298.08	372.49	798.71	0.14	0.16	0.26	0	0.27	0.54
ENSG00000069812.10	17.98	98.37	20.71	6.37	49.3	0.27	1.76	0.62	2.21	0.69	1.59
ENSG00000120149.8	5	6.5	2.5	7.11	3.72	0.27	1.77	0.36	2.69	1.75	0
ENSG00000146904.7	15.22	24.83	5.39	5.49	10.49	0.7	1.71	1.42	1.57	1.06	1.33
ENSG00000006555.9	1.62	7.18	3.27	7.2	2.2	0	0.12	0.23	0.06	0	0
ENSG00000102081.12	11.71	12.62	11.11	11.29	6.9	41.62	31.56	35.36	15.98	29.12	14.08
ENSG00000100647.7	7.17	18.7	13.66	10.29	8.26	4.3	3.71	3.21	4.36	7.08	3.13
ENSG00000184363.8	120.31	93.07	115.69	100.84	166.05	0.06	12.98	8.46	29.78	2.91	19.43
ENSG00000050438.15	0.34	0.06	0.04	0.05	0	1.41	2.02	2.26	1.91	2.27	0.14
ENSG00000246763.5	0.45	0.11	1.09	0.14	0	2.51	2.11	0.84	5.71	1.77	1.77
ENSG00000117266.14	33.68	30.56	11.13	13.07	7.74	0.27	8.67	1.59	1.32	4.33	3.55
ENSG00000171466.8	3.92	3.89	5.08	5.35	3.34	10.41	8.65	15.69	7.76	5.68	7.44
ENSG00000152056.15	23	12.21	16.61	10.95	17.12	3.07	11.41	7.82	4.18	3.25	7.25
ENSG00000262185.1	0	0.06	0.06	0	0	1.04	0.73	0.72	0.64	0.08	0.67
ENSG00000197044.9	0.02	0	0.55	0.4	1.2	2.41	2.71	4.46	1.92	0.87	1.67
ENSG00000107745.15	21.93	22.74	17.78	18.43	18.48	23.39	27.04	24.35	26.84	35.01	34.29
ENSG00000138668.17	183.62	86.97	146.25	103.33	171.92	221.17	230.97	301.81	304.64	441.91	264.25
ENSG00000123364.4	11.26	30.74	6.42	5.87	6.1	2.56	0.77	1.93	0.21	1.89	1.11
ENSG00000226360.5	1.05	1.65	2.09	1.36	1.8	0.24	0	0.18	0.38	0.22	1.51
ENSG00000177076.5	2.11	1.95	1.68	0.68	2.68	0.45	0.54	0.25	0.23	0.19	0.14
ENSG00000261609.3	1.02	1.24	0.94	1.17	1.09	1.4	1.79	2.21	1.29	1.59	1.82
ENSG00000131711.13	1.03	0.07	2.03	5.47	7.23	4.29	38.99	30.8	96.69	81.58	19.82
ENSG00000124251.9	0.13	0.17	0.47	0.23	0.35	0.43	0.76	1.09	0.71	0.61	1.28
ENSG00000143341.10	0.03	0	0	0.02	0	3.83	26.14	13.94	7.28	4.26	1.03
ENSG00000197191.4	29.38	14.31	2.26	18.99	17.31	0.85	0.24	0.37	0.57	3.6	0.53
ENSG00000134574.10	120.2	74.52	48.7	46.11	39.46	14.21	25.09	33.67	15.38	6.8	24.19
ENSG00000080839.10	6.97	2.62	5.72	2.48	2.52	9.25	8.41	21.33	12.22	8.91	10.89
ENSG00000260552.1	6.09	3.96	4.05	5.15	1.5	0.35	1.76	2.35	0.51	0.32	0.25
ENSG00000176401.5	1.15	1.45	1.22	0.83	0.46	2.16	1.99	3.3	6.55	2.28	2.89
ENSG00000234062.6	1.37	0.61	0.73	0.44	0.45	1.94	2.45	1.38	1.59	2.9	1.17
ENSG00000078804.11	1.56	5.72	2.77	3.19	3.97	10.45	4.45	11.52	8.42	12.79	8.64
ENSG00000149177.11	1.79	0.26	0.69	5.11	0.32	11.53	6.59	18.46	6.07	3.87	19.89
ENSG00000187957.7	42.43	15.43	42.99	84.98	6.74	1.29	0.5	0.07	16.53	2.9	0.12
ENSG00000169242.10	39.28	108.62	39.25	48.33	57.71	10.47	30.7	11.4	1.67	1.36	6.18
ENSG00000060656.18	45.42	65.56	48.27	36.05	71.38	0.23	31.48	0.4	4.44	2.29	5.47
ENSG00000056972.17	16.99	31.09	28.68	34.51	30.14	4.23	19.5	7.75	6.89	2	9.42
ENSG00000143515.15	9.51	0.01	2.18	1.42	0.2	26.2	17.59	11.34	35.02	45.41	14.53
ENSG00000111012.8	3.53	4.7	16.83	7.07	6.72	1.42	0.77	1.26	0.48	2.06	2.05
ENSG00000167642.11	479.45	422.49	355.87	407.04	297.95	0.76	3.76	3.21	2.3	1.3	291.23
ENSG00000077684.14	4.77	4.67	7.13	5.46	11.64	14.76	36.88	18.11	14.56	32.1	9.76
ENSG00000170629.13	1.97	0.45	0.95	1.69	1.11	2.33	6.46	3.21	11.31	5.48	3.09
ENSG00000106003.11	24.2	33.25	8.05	8.63	16.77	3.46	0.56	3.75	1.44	2.37	9.61
ENSG00000166881.8	5.83	4.7	5.94	2.89	3.49	10.28	12.28	24.88	6.69	9.19	10.55
ENSG00000189067.11	103.21	159.32	100.48	75.65	126.4	18.67	82.96	37.62	27.43	10.04	28.3
ENSG00000153721.16	0.71	2.1	2.22	1.25	3.77	9.7	6.88	3.01	4.57	9.13	6.49
ENSG00000120055.7	1.01	3.53	1.22	2.14	3.46	0.12	0.36	0.04	0.14	0.47	0.06
ENSG00000168502.16	4.99	5.31	5.08	2.14	5.21	25.58	6.07	24.91	15.61	61.84	44.44
ENSG00000157613.9	0.05	0.09	0	2.53	0.79	37.56	1.16	23.3	43.72	34.22	5.38
ENSG00000124733.3	44.83	34.75	50.21	71.86	64.14	100.59	92.92	72.81	121.76	113.64	109.83
ENSG00000187446.10	61.34	77.96	46.54	60.95	48.88	28.29	35.45	25.87	14.39	41.95	32
ENSG00000135838.12	5.36	10.93	4.52	2.95	5.95	2.38	0.47	1.42	1.18	2.9	1.5
ENSG00000135679.20	42.62	34.83	44.61	38.83	21.19	13.97	9.12	28.53	7.8	10.71	19.24
ENSG00000136943.9	62.43	128.27	11.18	78.67	38.22	12.15	6.15	16.05	0.15	1.46	1.95
ENSG00000065457.9	29.54	21.7	25.01	21.06	16.21	39.15	38.75	38.87	31.1	30.04	56.02
ENSG00000175984.13	1.76	4.22	2.2	2.32	1.5	0.15	0.4	1.68	0.54	0.14	1
ENSG00000108395.12	7.29	7.14	8.03	7.1	6.34	11.15	11.63	17.04	11.05	25.13	21.32
ENSG00000135541.19	1.81	2	4.99	0.91	1.56	7.52	9.23	13.75	4.15	6.04	5.22
ENSG00000173210.18	61.46	63.01	41.11	97.22	30.75	0.41	0.44	0.7	28.81	6.21	9.27
ENSG00000163393.11	5.41	8.33	3.61	1.91	2.18	0	0	0.15	0.13	0.97	2.58
ENSG00000275066.3	6.23	7.68	5.13	5.42	4.68	7.33	7.78	12.36	9	9.51	9.22
ENSG00000137831.13	14.02	7.35	13.08	7.07	13.74	19.46	38.71	15.25	36.9	71.45	36.49
ENSG00000056097.14	28.63	19.92	28.78	34.16	32.95	51.43	48.56	41.52	36.14	47.26	55.14
ENSG00000073712.12	5.1	4.25	8.5	29.17	4.81	68.02	56.42	75.62	45.98	18.31	37.38
ENSG00000119686.8	1.17	3.56	2.63	4.76	4.3	0.07	0.54	2.05	0.86	0.43	0.27
ENSG00000248429.4	6.56	7.6	4.57	1.07	2.3	1.06	0.03	0	0	0	0.09
ENSG00000197128.10	0.02	0.64	1.03	1.09	1.05	3.85	3.66	5.55	1.9	5.73	1.14
ENSG00000085871.7	50.75	50.27	65.01	39.11	8.78	0.09	0.32	11.28	0.19	0.7	17.58
ENSG00000187210.11	17.22	7.64	13.68	26.76	6.44	3.5	3.76	3.38	3.91	0.78	3.6
ENSG00000131873.5	9.29	5.62	9.55	14.73	7.64	46.24	62.49	20.16	18.99	16.44	22.01
ENSG00000110057.6	46.26	40.09	51.91	77.63	31.11	7.7	13.44	13.26	5.06	40.24	13.54
ENSG00000123066.6	3.02	4.27	6.8	4.02	5.41	10.26	18.29	17.21	10.35	19.52	5.38
ENSG00000162607.11	9.83	4.81	10.97	5.53	7.68	32.73	29.99	44.48	25.09	7.84	22.88
ENSG00000174197.15	2.6	1.34	1.96	0.37	0.75	3.63	8.14	8.16	3	3.81	3.64
ENSG00000197813.5	0.2	0	0	0.31	0	3.5	3.71	2.31	0.36	3.17	0.98
ENSG00000141622.12	7.62	2.14	2.37	2.32	1.3	0	1.42	0.09	0.02	0.04	0
ENSG00000272787.1	1.43	0.15	0.48	0.6	0.44	1.24	2.05	2.88	1.34	2.18	2.26
ENSG00000197380.9	0.22	0.02	0.05	0.07	0.16	1.14	1.72	0.87	1.34	1.51	0.16
ENSG00000079337.14	13.37	15.3	5.96	5.09	5.1	0.98	2.07	0.45	4.97	0.79	3
ENSG00000096746.16	125.09	61.22	104.47	99.42	59.81	220.29	203.56	258.09	146.2	143.07	162.27
ENSG00000166979.11	15.65	15.62	22.94	14.24	18.97	0.46	2.09	3.87	5.11	0	7.88
ENSG00000109332.18	232.54	215.86	263.03	281.78	252.63	121.85	203.12	149.85	109.16	160.91	196.82
ENSG00000185614.4	20.18	15.31	17.09	4.23	27.95	0.68	1.92	1.31	9.99	0.94	3.32
ENSG00000106086.17	2.5	1.76	3.63	1.92	2.13	4.88	4.26	4.77	3.39	4.8	4.16
ENSG00000151240.14	2.32	0	0.12	0.03	0.22	5.6	0.97	19.21	5.36	9.89	3.26
ENSG00000112210.10	1.2	1.65	2.4	3.07	1.09	16.96	7.33	7.78	6.83	2.7	4.52
ENSG00000224959.1	0.17	0.1	0	0	0	0.15	0.75	1	1.45	0.59	1.27
ENSG00000118058.19	7.12	7.09	6.13	3.06	4.41	8	16.78	11.45	15.3	18.26	8.13
ENSG00000158987.18	1.95	1.97	4.13	1.44	1.71	4.61	6.32	6.61	4.99	3.34	4.77
ENSG00000038358.13	46.2	22.49	30.02	28.97	23.87	58.5	41.6	57.28	45.73	83.13	57.76
ENSG00000161714.10	150.06	186.16	81.47	75.94	151.89	19.49	10.68	35.1	41.43	32.8	88.49
ENSG00000267605.4	0.79	3.42	0.6	1.41	3.05	3.88	8.83	9.25	6.4	22.23	4.32
ENSG00000198521.10	0.02	0.75	0	1.55	0	6.52	5.54	7.41	6.67	1.73	0.74
ENSG00000011275.17	9.93	6.09	13.62	12.93	13.84	26.15	20.43	20.37	23.88	33.9	16.91
ENSG00000183049.11	0.62	0.05	0.05	0.05	0.14	3.55	0.93	1.83	2.24	10.52	2.36
ENSG00000079482.12	2.58	3.3	1.01	1.27	1.03	3.93	8.7	7.59	4.77	2.97	4.77
ENSG00000125841.11	2.95	0.72	1.33	23.69	0.49	73.01	24.3	100.43	60.45	55.36	38.35
ENSG00000177674.14	115.46	160.64	106.28	92.32	70.09	23.26	31.58	37.42	25.37	105.99	32.11
ENSG00000240053.8	5.34	10.8	8.45	6.57	3.5	12.43	16.61	27.92	9.17	25.57	23.67
ENSG00000149300.8	2.49	7.59	4.68	2.78	1.03	0	0	0	0	0.51	0.08
ENSG00000238005.2	0	0	0	0	0	1.87	0.89	1.17	0.24	1.07	0.43
ENSG00000204920.9	0.49	1.2	0.35	2.03	0	3.86	2.46	6.03	2.35	2.62	4.49
ENSG00000074935.12	3.43	3.24	2.83	3.31	3.7	11.03	19.91	8.08	4.72	12.92	7.25
ENSG00000250802.5	0.1	0.12	0.35	0	0.13	1.16	0.73	1.21	0.48	3.04	1.37
ENSG00000117385.14	18.58	8.55	17.26	33.71	27.09	79.88	67.98	52.7	56.93	82.1	43.09
ENSG00000197956.8	3164.31	1605.36	2330.35	3166.7	3597.65	332.88	1228.84	1221.61	1037.96	1048.9	1400.77
ENSG00000189171.12	196.84	129.27	294.94	227.2	279.6	104.73	30.86	98.57	100.29	42.63	117.94
ENSG00000196656.7	1357.94	1030.25	1069.42	1638.95	860.48	571.16	240.04	252.99	485.19	448.89	932.86
ENSG00000238266.1	2.9	9.47	25.16	12.77	3.07	0	0.62	0.02	0.9	0	0.1
ENSG00000174799.9	1.87	0.85	2.3	1.15	0.7	2.24	4.32	6.28	2.79	2.57	5.01
ENSG00000167680.14	1.45	1.97	0.21	0.91	1.24	1.78	30.34	6	20.61	9.82	8.6
ENSG00000183010.15	59.07	14.37	16.01	25.98	49.6	133.84	112.56	82.68	128.74	797.37	105.68
ENSG00000178078.10	37.23	65.33	32.72	47.28	25.84	0.69	4.83	9.06	3.47	9.22	24.97
ENSG00000185432.11	11.27	62.77	15.78	3.98	8.28	0.06	0.16	0.51	0.52	0.06	1.07
ENSG00000269680.1	1.11	1.16	0.91	3.22	1.24	0	0.13	0.71	0	0	0.46
ENSG00000205476.7	35.28	38.08	17.66	20.69	36.35	7.76	15.85	10.41	14.92	8.6	18.6
ENSG00000136867.9	31.84	60.61	14	12.7	17.88	3.59	3.62	5.48	3.21	3.51	4.7
ENSG00000204519.9	2.27	1.38	3.36	1.61	1.58	4.31	2.68	6.46	3.84	4.13	4.61
ENSG00000168439.15	130.3	105.96	156.33	112.95	142.4	202.14	341.4	207.85	153.81	188.05	234.84
ENSG00000141441.14	6.16	9.11	15.87	11.34	2.5	0.62	2.36	1.72	1.02	0.73	1.04
ENSG00000105499.12	0.81	2.06	1.14	2.44	1.04	3.05	6.7	3.18	4.3	7.74	2.33
ENSG00000243335.7	1.48	2.76	2.14	1.6	2.01	7.04	4.58	2.54	5.86	11.49	4.88
ENSG00000072803.16	14.84	18.69	22.27	13.18	13.32	27.85	29.83	28.29	24.64	19.24	36.58
ENSG00000165244.6	2.88	0.73	3.27	2.27	2.5	5.75	6.66	8.16	7.11	3.09	7
ENSG00000166848.5	16.91	14.25	16.27	13	9.16	22.58	24.12	25.38	16.91	22.47	30.69
ENSG00000035403.15	38.08	25.37	37.96	35.43	51.91	123.51	51.62	97.65	256.64	83.44	83.43
ENSG00000018510.11	6.76	4.27	6.05	5.64	3.22	6.16	12.48	15.12	11.67	23.91	10.24
ENSG00000141002.17	72.99	73.12	80.32	73.89	58.68	99.09	112.34	84.81	105.29	164.43	101.97
ENSG00000042445.12	48.36	85.47	39.26	52.46	40.15	11.41	23.61	17.26	24.64	38.3	26.47
ENSG00000178654.11	1.03	1.61	1.92	0.8	0.59	0.45	0	0.38	0.32	0	0.21
ENSG00000078114.17	8.14	11.24	5.28	2.42	1.66	0.01	0.1	0.51	0.02	0.24	0.08
ENSG00000135480.13	3218.01	597.56	1308.85	1866.9	2695.84	15.47	7.37	505.08	14.09	2.23	337.05
ENSG00000136689.17	7.53	73.86	4.07	43.5	60.93	0	0	0	1.05	0	0
ENSG00000116127.16	1.52	1.32	2.93	2.32	3.69	5.19	4.97	6.33	6.91	4.64	4.33
ENSG00000165006.12	25.02	31.15	28.87	39.34	46.62	29.56	16.6	13.58	17	16.75	20.17
ENSG00000198689.8	4.45	5.9	4.09	5	5.43	12.29	9.21	6.01	7.31	7.29	7.36
ENSG00000228412.5	0	0	0	0.05	0	1.06	0.84	1.35	0.1	0.63	1.53
ENSG00000188732.9	0.17	0.07	0.3	0.65	0.19	1.62	1.28	2.8	1.25	8.3	4.12
ENSG00000005249.11	0.03	0.02	0.06	0.37	0	0.36	0.95	1.84	0.41	1.68	1.83
ENSG00000188612.10	79.23	69.42	70.09	56.57	48.9	139.73	306.29	214.77	90.56	96.76	166.74
ENSG00000211454.12	0.62	0.12	0.06	0	0	0.48	1.09	0.73	1.19	0.75	0.56
ENSG00000147036.10	0.67	1.22	0.39	1.31	1.54	0	0.05	0.04	0.1	0.16	0
ENSG00000165804.14	37.5	69.19	54.55	11.67	57.63	12.84	3.42	0.76	15.42	7.17	8.68
ENSG00000070731.8	22.45	163.78	14.24	7.3	15.78	0.11	0.28	1.07	0.09	0.5	0.59
ENSG00000156509.12	0.36	0.27	0.33	0.06	0.2	1.95	3	2.79	1.36	0.48	4.76
ENSG00000111907.19	34.32	160.4	50.8	74.37	55.1	21.3	24.47	4.39	9.89	0.91	0.4
ENSG00000174136.10	4.74	3.84	4.53	2.89	6.2	23.11	8.85	6.75	48.84	29.49	25.11
ENSG00000175793.11	680.88	1128.33	568.51	792.22	1166.98	0.41	50.46	0.58	113.91	1.76	100.47
ENSG00000123485.10	36.8	12.24	28.84	8.12	25.18	33.07	118.58	70.39	51.9	139.91	106.42
ENSG00000159314.10	27.03	28.53	15.52	54.57	19.63	0.18	0.54	3.56	1.59	7.94	17.1
ENSG00000138029.12	66.83	139.02	117.45	80.98	62.37	30.6	72.16	38.06	27.21	21.13	47.23
ENSG00000100422.12	11.42	4.91	9.41	16	15.16	22.5	28.6	40.98	34.67	24.01	28.07
ENSG00000196924.13	438.09	236.92	262.46	457.96	399.94	1369.38	523.3	737.89	1005.72	737.88	496.88
ENSG00000233493.3	3.17	5.39	2.24	1.34	2.92	0.58	0.89	0	0.14	1.24	1.47
ENSG00000177106.13	252.46	316.49	124.64	87.51	77.32	0.07	1.85	8.81	6.91	7.71	116.79
ENSG00000109107.12	52.3	22.73	9.83	26.02	80.83	0.18	0.88	1.59	0.94	1.23	33.82
ENSG00000057294.12	22.45	10.26	20.79	17.79	24.58	0	0.78	0.16	0.06	0.28	21.14
ENSG00000219665.7	0.22	0.59	0.99	5.93	2.78	9.63	19.52	10.77	7	12.99	12.14
ENSG00000127481.13	31.86	22.63	20.93	13.55	36.36	25.51	80.1	65.05	64.96	97.74	125.77
ENSG00000147642.15	4.29	12.01	8.05	5.59	18.6	0	2.74	1.41	0.46	0.78	6.25
ENSG00000008294.19	14.53	17.16	18.73	24.11	14.01	24.57	48.65	67.32	28.95	62.68	27.64
ENSG00000176396.9	4.76	4.48	4.9	3.8	3.61	8.33	5.21	5.73	7.93	6.72	11.17
ENSG00000134504.11	30.39	52.21	50.35	18.48	38.44	20.42	18.28	18.3	8.83	5.08	7.27
ENSG00000253712.1	0.18	0	0.41	0	0	0.76	3.61	2.36	7.21	1.91	0.93
ENSG00000081087.13	1.96	5.63	5.61	10.16	4.12	21.74	15.14	18.14	21.99	18.14	7.1
ENSG00000107262.15	37	101	62.65	49.11	81.85	35.43	15.49	20.46	36.02	22	31.84
ENSG00000182379.9	3.33	0.9	1.27	0.22	2.36	9.13	5.33	3.93	5.9	4.27	9.15
ENSG00000142871.14	51.03	22.15	61.8	55.16	31.64	776.55	40.46	488.88	502.09	234.35	788.83
ENSG00000125484.10	6.78	4.58	6.45	4.71	7.67	16.36	8.3	18.86	8.62	16.5	9.18
ENSG00000143217.8	2.85	27.37	3.69	21.85	17.78	0	0.1	0.15	0.02	0.3	0
ENSG00000162733.15	0.24	0.03	0.29	0.99	0	20.83	43.48	29.27	27.45	95.26	0.3
ENSG00000263563.4	0.57	0.61	0.62	0.12	0.27	1.87	3.8	1.76	1.15	1.94	7.3
ENSG00000177990.10	0.52	0	0.74	0.46	0.58	1.2	2.64	4.42	1.81	4.2	0.85
ENSG00000169583.12	4.73	11.54	2.08	6.31	26.16	0	0	0	0.42	0.61	1.81
ENSG00000196576.13	103.27	104.1	70.9	145.48	81.73	34.53	49.84	72.76	61.45	43.59	61.82
ENSG00000065621.13	43.91	27.56	28.32	38.17	28.39	0.05	18.42	10.3	0.85	2.56	1.67
ENSG00000103245.12	38.76	27.71	22.94	27.5	26.3	18.22	6.53	14.4	20.92	11.45	14.85
ENSG00000131885.15	0.59	3.98	1.6	1.67	2.09	0	0.3	0	0	0	0
ENSG00000228223.2	0.2	1.19	1.04	0.53	0.19	4.48	5.87	6.91	3.16	1.63	0.98
ENSG00000267041.4	0.05	0.22	0.11	0.19	0.23	3.6	2.67	7.52	1.64	0.65	7.91
ENSG00000113575.8	93	73.99	105.11	59.01	94.69	169.71	104.31	146.7	118.56	188.21	132.22
ENSG00000169129.13	34.54	2.92	8.13	11.97	6.44	1.06	0.21	0.99	0.02	0.64	1.21
ENSG00000085415.14	29.11	18.27	36.04	33.38	29.38	41.45	59.45	65.16	35.8	99.9	67.88
ENSG00000229618.1	0.32	0.4	0.2	0	0	0.32	1.92	3.01	6.21	2.19	2.43
ENSG00000078237.5	27.74	19.23	13.69	12.89	26.35	7.28	12.61	11.35	5.55	3.77	9.48
ENSG00000119906.10	7.58	5.06	5.24	3.96	2.41	11.78	12.42	8.28	6.71	13.18	13.32
ENSG00000197050.9	0	0.56	2.26	0.74	0.11	5.45	4.58	3.86	1.57	3.41	2.23
ENSG00000119729.9	8.75	8.14	9.87	13.2	11.51	17.99	47.84	28.25	24.89	57.7	14.27
ENSG00000198807.11	10.31	9.16	7.22	9.76	7.29	4.5	0.25	0.09	4.23	2.13	1.62
ENSG00000159885.12	0.54	0.44	0.68	1.62	0	2.27	2.19	4.04	0.81	4.1	4.19
ENSG00000104332.10	34.66	55.66	57.34	28.91	42.84	45.89	1.88	1.27	0.83	0.03	0.02
ENSG00000065308.4	3.53	4.18	2.91	9.57	2.19	67.85	8.34	11.83	72.31	13.12	52.86
ENSG00000198034.9	1360.18	1404.35	1230.78	1413.94	1221.99	928.06	570.84	721.7	474.96	440.71	1079.28
ENSG00000259612.1	0.59	0.94	1.08	1.11	0.97	0.39	0.67	0.52	0.29	0.5	0.68
ENSG00000018408.13	24.29	8.77	15.82	28.07	37.66	49.04	135.27	164.36	49.73	85.79	37.78
ENSG00000030419.15	5.5	4.4	2.81	4.07	2.61	2.23	0.01	1.01	2.1	1.55	1.05
ENSG00000182318.5	1.46	1.69	1.7	1.86	1.6	2.68	2.31	3.75	4.86	2.61	2.49
ENSG00000270885.1	1.25	1.44	2	0.83	0.25	17.07	10.44	11.49	6.83	4.28	1.28
ENSG00000133112.15	2121.13	2290.81	3028.06	2188.69	1864.6	898.15	1917.56	867.04	498.2	604.82	1326.83
ENSG00000162302.11	136.58	101.94	86.12	108.25	115.59	56.49	62.93	39.23	94.95	61.66	76.56
ENSG00000162702.7	6.02	3.4	6.94	4.68	3.72	19.41	15.52	10.85	5.7	11.47	8.48
ENSG00000261934.2	0.03	0.47	0.09	0.26	0.08	1.38	1.11	0.58	1.53	0.74	0.29
ENSG00000010256.9	367.2	449.71	415.8	352.35	404.82	214.23	411.74	256.26	237.31	236.31	247.23
ENSG00000187994.12	5.14	8.08	2.59	9.61	1.73	0.06	0.92	0.41	0.45	1.39	0.53
ENSG00000130962.16	3.94	4.9	3.43	5.7	4.5	3.55	2.34	2.31	0.65	1.69	0.92
ENSG00000231806.2	0.23	0.26	0	0.25	0	0.86	3.79	5.19	1.76	1.12	0.95
ENSG00000101000.4	101.78	39.49	99.9	114.82	150.97	1.48	4.42	24.79	30.88	11.17	37.45
ENSG00000143554.12	44.52	14.53	33.28	10.36	41.13	3.14	0.5	9.42	1.18	16.57	1.9
ENSG00000147144.11	11.87	21.44	9.45	13.34	3.83	5.85	1.23	1.52	0.1	4.89	0.03
ENSG00000171791.11	0.7	0.1	0.72	0.25	0.37	1.65	0.37	3.42	2.47	2.45	2.23
ENSG00000176383.8	3.03	2.73	1.45	1.84	2.67	0.89	1.15	0.84	0.7	2.11	0.56
ENSG00000123353.8	106.83	50.83	69.03	154.22	91.39	22.22	35.22	50.68	43.19	24.46	46.96
ENSG00000275719.1	0	0.21	0.24	0	0.63	0.63	1.13	1.6	2.25	0.37	1.62
ENSG00000088387.16	21.87	22.27	45.65	43.87	35.21	24.89	12.18	11.51	19.41	7.78	12.69
ENSG00000182871.13	8.05	6.89	0.63	0.33	4.35	45.25	10.57	15.55	19.49	110.84	19.73
ENSG00000168014.15	13.59	8.95	11.28	14.43	12.69	14.21	18.66	26.36	32.78	34.26	18.55
ENSG00000176244.6	0.22	0.86	0.61	0.78	0	0.69	4.28	3.59	1.34	1.95	3.13
ENSG00000134905.15	126.55	86.52	94.6	61.93	75.54	60.39	20.57	22.31	68.56	29.31	32.92
ENSG00000167772.10	130.58	16.61	136.59	868.59	212.73	20.47	0	4.47	5.1	21.32	7.57
ENSG00000169252.5	16.51	24.73	12.73	9.45	14.2	0.21	0.2	0.02	0.48	0.66	18.56
ENSG00000150907.6	2.52	17.24	8.62	6.39	5.76	0.31	2.52	1.27	0.67	1.81	1.51
ENSG00000143774.15	329.74	445.42	679.18	528.34	887.88	262.75	184.72	176.04	226.23	316.28	330.9
ENSG00000206560.9	17.55	13.05	22.52	19.76	8.61	29.19	38.98	44.88	31.8	34.35	34.84
ENSG00000006042.10	55.29	12.34	9.8	51.99	5.05	0.07	0.81	11.14	1.63	0.68	0.05
ENSG00000157106.15	9.4	6.47	8.12	5.37	2.84	10.51	45	25.07	15.13	22.81	10.24
ENSG00000178921.12	19.82	6.66	23.53	16.02	16.68	65.25	25.94	34.62	53.44	39.83	39.05
ENSG00000165548.9	15.81	35.91	9.21	2.08	19.14	0.2	1.17	5.85	0.6	0.31	0.01
ENSG00000105321.11	5.29	5.11	7.69	6.96	14.8	19.82	15.86	17.78	27.96	29.25	9.58
ENSG00000141179.12	17.03	12.57	12.38	13.29	7.91	3.65	4.99	11.07	3.24	7.29	5.39
ENSG00000100316.14	1678.41	2564.58	2141.55	1751.93	2589.13	958.21	1417.09	838.77	1351.55	1666.58	1493.09
ENSG00000185686.16	0	0	0	0	0	14.53	31.73	46.4	33.4	12.24	0
ENSG00000065989.14	1.07	0.28	0.47	0.57	1.61	14.04	0.82	10.04	16.13	48.82	13.87
ENSG00000113645.12	18.93	21.3	13.22	25.04	29.71	11.8	2.37	8.74	11.02	4.01	10.49
ENSG00000111696.10	1.71	1.03	2.5	2.67	2.42	2.98	4.69	7.18	4.02	3.02	6.84
ENSG00000260401.1	6.56	11.63	1.07	2.99	6.75	0	0.06	0.16	0.02	0	0.5
ENSG00000164520.10	2.41	32.38	19.55	8.05	10.97	0	0.21	0.37	1.06	0.62	7.03
ENSG00000115183.12	14.72	9.37	11.7	8.55	9.84	5.09	7.48	9.82	5.45	4.05	4.85
ENSG00000164692.16	0.09	0.77	0.01	0.02	0.04	822.4	204.85	191.39	1532.09	435.8	0
ENSG00000101493.9	4.94	10.14	3.98	7.89	3.52	1.75	1.1	3.39	2.05	1.11	3.02
ENSG00000124459.10	2.12	1.82	3.41	4.02	1.98	15.05	3.6	11.55	9.3	3.91	9.32
ENSG00000151067.19	0	0.19	0	0.07	0	6.8	10.01	3.16	7.25	8.8	0.05
ENSG00000168395.13	13.69	7.56	9.23	9.02	7.77	11.89	17.87	14.04	16.71	29.83	15.94
ENSG00000168411.12	25.58	12.26	18.65	12.59	18.65	41.72	41.09	33.16	25.37	22.62	64.12
ENSG00000226742.3	20.81	32.99	17.22	24.23	10.93	3.72	1.67	10.54	0.86	4.79	12.31
ENSG00000256940.1	93.37	120.49	32.47	59.89	34.78	20.92	24.32	5.04	27.6	15.62	15.8
ENSG00000138772.11	71.47	53.38	95.68	157.4	14.63	0.14	0.33	7.8	1.07	0	60.87
ENSG00000247572.6	2.4	2.85	1.76	1.53	2.69	3.29	3.99	5.79	6.51	6.96	2.73
ENSG00000102181.18	13.46	10.68	24.5	10.09	7.37	51.11	32.51	22.08	16.89	39.93	42.55
ENSG00000157014.9	16.45	11	17.27	17.65	13.4	25.47	20.19	38.12	19.05	22.86	24.15
ENSG00000077235.16	37.86	25.1	26.31	27.24	31.9	39.01	38.95	41.02	35.47	54.54	46.8
ENSG00000108349.13	27.23	21.05	26.09	21.22	29.3	28.85	35.46	46.68	30.76	33.21	40.44
ENSG00000197497.9	0.14	0.19	0.16	0.19	0	3.52	3.99	3.32	1.83	0.84	0.42
ENSG00000237512.5	7.38	6.44	1.16	1.66	3.19	0	0	0	0	0.23	0
ENSG00000269131.1	8.52	6.39	9.77	6.64	6.74	10.64	14.08	7.74	13.84	15.6	12.83
ENSG00000102349.13	3.04	11.7	4.37	4.04	1.54	0	0.15	0.27	0.03	2.95	0.66
ENSG00000105088.7	0	3.93	0	0	1.04	6.61	35.82	20.95	8.89	24.84	0.78
ENSG00000116132.10	0	0.29	0	2.39	0	35.98	56.78	5.56	75.44	29.22	0.56
ENSG00000165046.11	19.52	8.82	37.35	42.86	22.44	1.68	2.35	4.79	7.7	1.85	18.52
ENSG00000075702.15	8.22	2.02	10.58	5.05	13.57	16.85	28.78	29.37	45.07	23.25	31.4
ENSG00000181472.4	3.46	4.98	9.31	4.52	6.75	14.5	11.98	10.68	8.86	10.99	15.11
ENSG00000157693.13	6.61	2.84	5.25	4.34	2.79	17.98	6.3	11.95	8.78	18.69	6.44
ENSG00000080815.17	23.59	28.94	29.66	35.89	35.29	14.71	14.13	19.58	17.51	29.42	20.4
ENSG00000120802.12	20.32	15.64	29.95	12.27	34.18	64.01	83.36	85.46	32.43	29.07	107.15
ENSG00000162641.17	2	2.39	2.54	3.42	2.67	0.92	0.03	0.27	0.54	2.56	0.62
ENSG00000134684.9	72.46	30.23	55.68	55.56	63.33	100.63	163.36	153.33	94.12	201.45	64.83
ENSG00000196466.9	0.04	0	0.52	0.48	0.08	1.35	2.38	1.68	0.39	0.65	1.07
ENSG00000109452.11	18.76	6.97	7.71	15.1	11.16	4.31	0.05	1.09	2.97	6.43	3.76
ENSG00000262160.1	1.9	3.74	2.62	0.48	4.56	0	0.71	0.01	0	0	0
ENSG00000197256.9	35.55	14.96	28.42	47.08	24.92	67.66	39	54.89	150.79	126.27	76.54
ENSG00000070190.11	5.31	5.42	2.32	13.12	1.37	0	0.15	0.07	0.14	0	0
ENSG00000138443.14	25.63	9.71	17.07	21.11	9.46	37.88	30.8	56.9	28.15	72.41	28.19
ENSG00000132357.12	1.51	2.15	4.19	6.5	2.09	0	0.14	1.01	0.18	0	2.29
ENSG00000160469.15	3.62	1.25	0.33	4.4	1.38	8.07	4.08	9.12	8.48	10.21	11.83
ENSG00000271270.4	0.46	0.35	0.13	0.13	0	2.39	14.91	6.87	4	11.5	0.54
ENSG00000135423.11	4.02	6.81	5.5	0.83	2.49	0.07	0.95	0	0.05	0.28	0.85
ENSG00000111679.15	23.24	20.61	16.51	18.15	20.8	0.14	16.8	0.43	0.29	0.25	4.9
ENSG00000128591.14	0.91	0.02	0.4	0.36	0.32	1.27	7.71	16.86	184.84	38.24	40.43
ENSG00000185479.5	11.18	170.76	25.7	1095.31	843.51	0	58.58	0.16	0.04	0.14	0
ENSG00000144746.6	52.37	67.54	46.29	92.65	49.75	27.01	33.9	23.62	28.03	54.72	30.67
ENSG00000279767.1	5.07	2.67	3.17	2.7	7.47	0	1.79	0.01	1.2	2.78	0
ENSG00000197496.5	0.99	0.05	0.02	0	0.13	1.18	1.61	4.15	1.76	6.19	0.66
ENSG00000086062.11	44.07	98	54.56	131.82	92.23	53.28	38.06	19.48	31.92	29.35	20.6
ENSG00000241217.3	0	0	0	0	0	1.19	1.13	2.31	1.63	1.22	0
ENSG00000151025.9	0	0	0	0	0	1.67	1.39	3.26	0.64	0.19	2.19
ENSG00000259207.6	0.06	0	0.05	2.35	0.3	5.26	5.11	11	6.85	0.66	2.05
ENSG00000148303.15	2091.01	2501.03	1909.19	2386.86	3054.13	1974.41	1868.56	1345.75	1137.59	1380.91	1716.13
ENSG00000180626.9	0.58	0.85	0.15	1.54	0.18	6.69	3.96	4.32	2.33	2.5	0.73
ENSG00000144635.7	18.36	10.69	17.24	21.09	17.92	26.31	28.81	24.46	28.37	35.82	27.18
ENSG00000198358.4	0.28	0.31	0.29	0.22	0	0.29	1.17	0.87	0.83	0.56	0.53
ENSG00000152977.8	0	0	0	0	0	24.63	14.61	7.71	6.32	20.7	0
ENSG00000242259.7	13.67	15.21	11.14	10.04	9.34	12.56	17.91	19.47	22.83	23.3	17.51
ENSG00000177721.4	0.23	0.1	0.17	0.17	0.09	1.79	0.31	1.65	1.02	3.89	2.13
ENSG00000108298.8	2215.8	2623.62	2195.94	2510.15	3538.04	1403.47	1472.1	1546.57	1435.03	1788.03	2492.74
ENSG00000151136.13	2.35	4.55	1.13	6.85	1.78	0	1.33	0.3	0.01	0.6	0.02
ENSG00000112208.11	0.87	0.16	1.64	1.47	3.05	12.5	2.45	4.92	3.54	4.48	7.69
ENSG00000229117.7	4609.17	5244.6	3201.1	3992.72	5733.95	2626.6	3887.92	2468.5	2177.53	2224.67	3237.21
ENSG00000058272.14	15.01	13.43	15.23	12.27	7.53	23.71	35.62	40.13	20.79	13.67	29.23
ENSG00000105193.7	3105.91	2962.04	3147.69	3492.02	4180.26	2008.06	1367.05	1521.73	2802.34	2224.61	2637.62
ENSG00000137770.12	16.59	7.92	11.76	5.29	9.27	28.67	26.34	26.33	11.97	30.8	18.27
ENSG00000124783.11	29.73	39.72	51.72	60.69	37.03	87.9	163.93	131.15	64.63	70.56	60.19
ENSG00000151726.12	34.92	65.87	22.97	36.74	20.05	13.67	28.65	5.02	6.28	7.3	11.65
ENSG00000223875.2	0.09	0	0.22	0.07	0	0.8	3.02	0.86	2.48	0.3	1.69
ENSG00000213297.7	0	0	0	0.68	0	2.27	3.01	2.74	0.75	0.26	1.17
ENSG00000168646.11	0.47	0.68	0	0.09	0.32	10.09	1.21	1.15	2.39	5.1	2.29
ENSG00000113391.15	2.54	4.74	5.63	3.25	3.75	8.37	8.05	9.7	6.59	9.2	4.17
ENSG00000260912.1	2.01	1.44	0.91	0.49	1.29	0.03	0.81	0.49	0.16	0	0.16
ENSG00000225614.2	0.19	0	0	0	0	1.78	1.47	2.74	2.13	3.35	0
ENSG00000143850.11	10.37	37.92	16.83	5.19	5.07	0.34	0.31	0.05	0.52	0.26	12.76
ENSG00000176890.14	139.45	64.42	100.05	65.69	47.51	178.52	190.02	203.51	173.83	107.58	299.82
ENSG00000102241.10	20.42	12.31	17.35	19.67	8.96	48.64	62.45	50.95	24.77	17.72	35.7
ENSG00000224635.1	0.35	0.3	0.19	0.24	0	1.17	0.73	1.46	0.41	0.43	0.72
ENSG00000137269.13	3.72	5.65	6.79	6.25	5.84	3.32	2.88	1.63	1.8	4.93	3.25
ENSG00000280693.1	0.89	2.06	8.48	4.38	3.49	0	0.07	0	0	0	0.12
ENSG00000153294.10	5.08	19.56	1.75	6.95	2.67	0	0	0.02	0.2	0	0
ENSG00000162783.10	16.53	11.56	21.74	20.48	33.26	3.75	2.73	6.15	11.04	2.99	16.05
ENSG00000204634.11	31.24	44.68	25.5	17.3	15.87	5.36	21.8	4.82	7.15	8.26	12.56
ENSG00000157350.11	6.42	2.36	5.2	9.92	7.4	19.92	6.84	17.56	15.94	28.56	18.25
ENSG00000152229.17	19.67	20.52	14.58	7.67	4.83	4.89	4.55	4.39	3.51	0.44	0.73
ENSG00000169247.10	3.29	4.95	6.54	3.88	5.47	0.87	0.95	0.53	3.26	2.74	2.81
ENSG00000157600.10	24.42	15.84	20.44	29.42	25.62	19.1	13.22	10.15	4.64	5.07	9.11
ENSG00000257556.1	6.59	6.17	2.73	5.49	1.02	1.33	0.32	0.94	0	0.39	0.47
ENSG00000149781.11	0.72	0	0.23	0.5	0.28	0.3	1.85	3.02	1.41	3.39	2.18
ENSG00000158716.7	50.8	116.41	125.62	95.23	108.97	12.54	32.31	30.99	13.83	55.01	66
ENSG00000100300.16	673.49	668.17	537.1	784.61	686.92	203.12	109.19	43.37	287.57	193.19	385.06
ENSG00000162522.9	61.04	83.54	26.32	42.12	30.72	23.75	7.66	27.21	21.54	12.11	8.5
ENSG00000267069.1	0.9	1.45	0.27	1.54	0.75	0	0	0	0	0	0
ENSG00000275441.1	0.82	0.63	0.35	0	0	1.85	2.17	1.29	0.5	1.36	1.34
ENSG00000101210.9	14.47	1.02	0.5	0.28	2.45	13.22	2.95	59.22	123.79	36.55	67.38
ENSG00000165282.12	20.58	17.91	21.12	20.43	22.03	12.36	10.12	8.91	15.66	12.09	18.97
ENSG00000176532.3	19.95	1.93	3.87	12.12	3.34	0	0	0.03	0.12	0	0.15
ENSG00000157927.15	1.25	0	0.01	0	0.2	1.06	1.06	2.48	1.17	6.18	2
ENSG00000163694.13	6.29	5.16	1.58	8.79	3.04	0.05	1.66	1.95	0.49	0.41	1.38
ENSG00000165801.8	10.65	2.12	4.26	4.99	3.03	16.31	26.49	7.97	18.07	37.28	7.46
ENSG00000105427.8	15.01	57.43	6.63	8.62	15.05	4.42	0.96	0.15	1.04	3.82	6.36
ENSG00000249641.2	3.29	11.78	5.02	1.31	2.06	0.81	0.05	0.17	0	0	0
ENSG00000157483.7	67.19	83.41	59.12	61.91	73.13	44.77	41.69	8.62	25.27	26.13	16.22
ENSG00000106617.12	45.16	64.08	83.19	56.06	28.61	12.94	10.24	25.08	9.92	43.99	23.62
ENSG00000169914.5	2.14	1.01	1.32	0.72	0.39	2.24	3.45	6.43	4.13	1.35	3.88
ENSG00000214087.7	26.39	20.15	24.59	39.06	30.88	32.71	43.22	60.57	42.07	63.27	46.05
ENSG00000273361.1	5.6	2.88	2.93	4.96	7	0	0.22	0	1.79	2.85	2.22
ENSG00000080986.11	20.79	9.41	14.85	5.35	10.21	18.83	50.34	57.46	18.47	24.99	46.04
ENSG00000070404.8	130.19	93.58	105.77	262.3	228.62	33.19	10.65	27.24	138.97	49.47	13.7
ENSG00000136490.7	1.76	0.06	0.32	1.25	0.53	3.9	1.33	10.39	4.64	3.35	1.92
ENSG00000176597.10	7.25	15.39	19.96	25.6	12.95	11.47	1.96	5.65	1.01	0.04	2.94
ENSG00000112320.10	0.08	0	0.05	0	0.22	0.6	2.13	0.31	0.53	1.66	0.95
ENSG00000159231.5	7.23	4.7	4.97	6.99	5.94	17.55	18.73	5.69	15.1	10.47	13.14
ENSG00000144452.13	3.12	14.93	7.49	2.35	1.7	0.05	0.02	0.03	0.03	0	0
ENSG00000171940.12	7.82	9.74	7.84	9.05	7.9	28.12	25.63	22.17	10.86	23.74	10.31
ENSG00000135069.12	34.61	25.07	35.83	12.32	43.17	72.8	121.44	89.58	40.62	148.52	51.46
ENSG00000171681.11	5.53	7.8	7.89	5.34	7.31	11.31	25.88	20.14	8.09	17.65	10.76
ENSG00000100147.12	5.47	2.65	3.11	3.62	2.87	3.57	6.07	8.87	8.11	6.81	6.83
ENSG00000130598.14	317.95	221.26	81.78	3.84	17.97	0	0	0	0	0	0.16
ENSG00000105755.6	126.74	273.35	141.26	174.99	206.98	128.09	13.34	14.99	35.06	82.03	45.21
ENSG00000197147.11	0.54	1.84	0.96	2.31	1.19	2.68	6.47	4.22	1.52	5.85	3.97
ENSG00000166704.10	0	0	0.51	1.93	1.27	4.33	3.47	6.3	1.89	7.29	1.19
ENSG00000197062.10	1.67	2.64	2.67	2.41	5.84	5.71	8.25	10.53	4.67	15.96	5.07
ENSG00000168137.14	29.26	26.42	26.37	23.64	19.41	49.68	48.97	75.48	28.27	43.46	33.93
ENSG00000237491.7	0.78	3.14	1.96	0.23	0	3.92	9.25	5.37	2.83	13.63	3.35
ENSG00000280088.1	0.45	0.62	0.54	1.12	1.35	1.66	2.07	1.72	1.07	1.65	2.44
ENSG00000130844.15	0	0	0.4	2.5	0	9.96	5.55	11.46	4.99	14.25	0.2
ENSG00000111424.9	29.79	16.5	24.21	19.86	44.13	1.17	13.27	9.78	12.33	3.48	8.15
ENSG00000163293.10	6.2	7.6	7.69	2.21	4.13	0.42	0.32	0.8	0.44	2.45	4.55
ENSG00000010278.10	335.77	339.93	143.84	203.7	348.42	6.61	14.58	28.65	17.78	101.54	186.44
ENSG00000160190.12	9.41	3.48	10.05	13.3	10.41	1.6	0.26	0.84	0.04	2.07	9.05
ENSG00000172888.10	6.45	5.06	4.15	5.93	2.75	11.24	8.56	12.63	7.63	7.05	7.45
ENSG00000125848.9	21.94	83.76	12.19	18.36	2.04	0	4.27	0.89	0.37	0.04	0.02
ENSG00000113810.14	38.56	15.52	40.58	9.58	34.56	63.8	167.57	146.21	58.11	64.14	65.14
ENSG00000187193.8	241.85	537.95	170.24	273.38	543.17	74.18	24.4	124.52	92.66	194.38	120.59
ENSG00000073849.13	2.9	16.52	4.64	3.8	12.69	0.99	0.08	0.97	0.81	2.3	1.49
ENSG00000102359.5	11	12.59	6.41	10.23	4.97	0.29	3.04	3.67	5.25	4	1.72
ENSG00000113595.13	3.06	2.04	2.84	3.53	2.01	4.58	3.25	4.61	3.81	7.88	5.61
ENSG00000166535.18	18.95	60.32	1.22	15.12	33.12	0	0.01	0.03	0.04	0	0.01
ENSG00000137486.15	0.55	2.8	2.51	2.27	1.61	4.05	7.62	4.83	12.07	2.77	16.26
ENSG00000142961.13	10.1	10.8	4.65	16.01	6.38	2.59	5.74	1.67	3.67	4.29	2.33
ENSG00000173153.12	48.79	146.77	65.11	69.13	80.49	23.67	23.92	14.27	48.08	52.22	35.68
ENSG00000198795.9	0.01	0	0	0	0	11.61	18.66	1.02	0.75	12.68	4.16
ENSG00000244694.6	1.16	2.24	2.18	1.51	0.51	0.16	0.6	0.32	0.58	0.03	0.2
ENSG00000240370.5	3.17	1.92	3.15	3.38	4.97	6.96	12.28	5.23	6	15.16	4.81
ENSG00000141279.14	67.03	104.24	53.66	71.46	71.99	43.26	33.94	64.74	19.26	30.97	40.09
ENSG00000177679.15	0.3	0.28	0.5	0	0	2.76	0.76	2.43	9.49	1.97	1.26
ENSG00000140254.11	4.6	40.94	2.74	5.9	5.93	0	0.05	0.06	0	0.24	0
ENSG00000121274.11	4.74	2.89	4.5	2.56	2.74	4.66	8.39	8.02	4.41	5.7	6.38
ENSG00000170348.7	250.68	224.04	185.71	239.7	273.5	115.93	192.76	203.49	111.58	160.06	107.2
ENSG00000165995.17	0.45	0.05	0.02	0.26	0	1.56	0.59	1.37	1.3	1.29	0.12
ENSG00000149311.16	5.38	2.41	5.68	1.52	2.21	7.59	11.13	9.3	6.12	12.65	7.36
ENSG00000237649.6	24.18	20.92	29.04	16.34	58.13	62.44	61.54	69.97	73.55	76.66	95.54
ENSG00000001561.6	0	0.05	0.05	0.15	0	2.37	0.24	1.3	0.82	0.55	2.19
ENSG00000233461.4	17.9	43.15	79.81	42.41	53.26	6.36	24.84	24.54	8.76	13.36	13.13
ENSG00000196876.12	0.11	0.01	0.15	0	0	1	1.22	1.66	0.99	0.81	0
ENSG00000077942.16	370.08	54.99	107.27	132.74	76.15	9.32	17.86	34.91	90.28	6.32	2.59
ENSG00000111186.11	3.74	2.39	0.68	0.68	2.86	87.33	3.84	6.05	77.83	44.12	12.68
ENSG00000018610.12	15.58	11.73	8.24	8.75	4.48	33.93	22.7	49.24	15.2	15.59	19.07
ENSG00000147394.17	17.66	50.14	19.29	55.82	33.99	2.62	11.71	2.78	0.21	1.44	26.43
ENSG00000106789.11	3.58	1.53	9.52	5.73	10.1	0.43	0.35	2.1	0.21	0.28	2.81
ENSG00000160049.10	38.26	18.98	23.57	15.11	26.83	76.44	42.81	27.76	49.06	92.82	49.28
ENSG00000185760.14	1.68	0.37	3.83	0.55	1.88	9.32	5.53	4.37	6.54	3.24	5.75
ENSG00000162521.17	77.63	59	69.99	55.57	76.03	245.79	149.67	169.05	74.99	189.9	93.53
ENSG00000118640.9	150.04	230.78	163.72	113.86	175.32	0.18	3.85	29.51	0.12	0.39	111.81
ENSG00000203879.10	65.02	63.49	64.39	108.88	58.94	221.28	90.38	132.75	112.49	278.51	119.15
ENSG00000149273.13	2272.71	2540.9	2529.58	2366.5	4097.35	1617.13	1130.11	1052.76	1593.28	2324.74	1894.82
ENSG00000162636.14	0.72	1.05	0.5	1.09	0.14	2.7	2.47	9.79	1.74	3.04	14.5
ENSG00000188015.8	39.16	39.32	56.96	21.28	41.79	3.58	6.49	23.12	24.95	3.34	12.62
ENSG00000112144.14	0.93	3.67	2.84	2.02	0.85	16.11	5.11	3.17	4.07	6.19	9.32
ENSG00000121940.14	9.34	7.19	9.25	8.7	5.73	17.72	11.03	40.95	10.68	21.54	25.98
ENSG00000082074.14	18.36	9.5	2.49	5.9	1.39	0.02	0.55	0.02	0.02	0	0
ENSG00000206535.6	1.04	0.41	0.55	0.43	0.75	1.82	2.61	1.38	1.41	0.88	0.97
ENSG00000145779.7	11.41	12.7	14.47	29.01	11.13	8.48	6.19	4.3	5.25	7.58	8.81
ENSG00000111799.19	15.67	2.86	12.11	6.69	6.83	129.55	91.19	52.17	51.82	14.64	11.46
ENSG00000146409.9	4.01	7.38	10.92	6.34	3.95	0.6	0.18	3.01	0	1.14	5.25
ENSG00000157557.10	51.64	88.4	37.1	46.64	37.5	9.82	5.99	11.75	23.95	47.17	15.38
ENSG00000152689.16	0.96	1.16	0.28	0.45	0	1.87	5.07	1.36	4.26	0.8	3.55
ENSG00000257771.4	0.29	0.23	0	0.22	0	0.71	2.67	0.96	1.67	0.49	0.54
ENSG00000154065.15	3.93	7.3	2.98	7.01	3.1	0.46	2.2	1.05	0.95	4.33	0.85
ENSG00000090861.14	36.76	23.33	29.97	27.52	34.85	61.09	126.62	78.94	79.33	386.22	57.34
ENSG00000259539.1	0.54	0.37	0	0	2.27	1.71	11.94	3.45	7.86	4.77	1.01
ENSG00000257964.1	0	0	0	0	0	0	0.85	0.4	0.91	0.55	1.02
ENSG00000062725.8	4.96	5.56	5.46	3.2	4.44	5.32	9.65	14.37	6.26	9.41	8.92
ENSG00000181619.11	0.51	0.22	0.42	0.35	0.48	0.69	2.1	1.45	1.01	1.71	0.56
ENSG00000052802.11	73.48	59.7	34.89	22.26	38	8.79	30.09	18.19	13.33	3.83	16.81
ENSG00000132535.17	2.88	0.28	3.94	6.06	0.19	22.82	3.22	8.89	14.63	33.89	19.4
ENSG00000170465.9	4.27	16.13	13.8	69.45	278.6	0.04	1.34	0.03	0	0	0
ENSG00000203930.9	0	0.24	0	0	0	6.48	0.24	1.52	2.79	8.27	2.09
ENSG00000148175.11	60.67	113.06	123.21	55.41	58.99	0.91	42.03	16.2	13.82	13.06	22.38
ENSG00000165417.10	12.88	8.71	12.03	11.96	9.72	14.95	41.51	21.83	13.59	21.45	30.84
ENSG00000112851.13	12.86	3.92	8.29	9.18	3.54	35.86	13.18	35.31	9.9	17.9	24.38
ENSG00000263934.3	1.45	1.33	0.52	0.91	8.43	4.11	50.37	31	91.88	16.87	4.31
ENSG00000171456.15	38.87	33.96	39.49	25.1	26.24	109.94	91.08	107.31	39.2	38.91	77.31
ENSG00000077782.18	12.26	1.3	4.58	46.74	7.56	65.92	49.71	194.91	60.79	161.81	45.3
ENSG00000103549.20	54.39	28.21	38.86	40.24	44.07	52.05	59.57	73.22	84.29	106.12	51.77
ENSG00000240694.7	0.16	0.01	0.03	1.56	0.08	1.85	0.83	2.67	4.91	18.6	5.61
ENSG00000260565.5	2.25	1.41	1.59	5.2	1.07	3.79	4.95	9.49	5.33	10.68	4.8
ENSG00000070159.12	14.44	8.95	9.58	9.76	9.13	7.18	3.25	6.05	1.48	3.4	6.72
ENSG00000178149.15	22.25	29.88	31.72	42.04	26.2	14.15	13.66	8.68	16.67	27.64	18.74
ENSG00000056736.8	0.38	0.15	0.5	1.05	0.42	1.01	2.97	2.2	0.82	1.14	1.37
ENSG00000185818.7	0.46	0.29	0.01	0.08	0	6	0.79	1.93	2.19	7.31	0.79
ENSG00000123143.11	26.2	9.05	15.21	41.92	32.15	42.19	70.41	43.93	74.51	159.8	81.31
ENSG00000185332.5	1.02	0.99	0.52	1.9	1.14	0	0.93	0.03	0.27	0.03	0.49
ENSG00000125821.10	85.18	60.86	90.01	62.76	71.14	61.74	26.39	44.63	32.59	43.28	58.02
ENSG00000129028.7	1.45	2.13	1.49	1.51	0.6	3.22	6.29	2.25	1.75	4.27	3.85
ENSG00000110075.13	29.37	19.17	34.05	23.42	27.86	31.11	70.27	59.61	43.27	33.44	48.43
ENSG00000167524.13	3.01	2.98	1.82	3.46	2.1	9.61	3.77	9.45	3.63	4.73	5.33
ENSG00000139880.18	7.56	3.94	3.04	4.37	3.73	12.49	8.76	5.98	10.98	6.02	18.36
ENSG00000154518.8	424.9	354.87	419.73	315.97	439.87	212.44	303.61	255.81	119.05	214.45	288.62
ENSG00000119938.8	0.1	0.06	0.15	0.74	0.65	6.29	3.81	1.22	0.49	2.23	2.24
ENSG00000166997.6	3.12	3.15	4.4	6.26	5.19	11.94	29.03	6.64	18.08	7.71	7.76
ENSG00000148690.11	1.28	1.57	2.38	2.2	2.53	7.48	5.04	3.88	1.99	8.14	4.29
ENSG00000198855.5	1	0.67	1.25	3.43	0.71	3.33	2.33	4.78	5.85	5.53	2.59
ENSG00000141232.4	53.07	59.64	23.09	33.03	21.73	11.35	18.51	16.95	4.99	19.19	14.65
ENSG00000085224.19	10.57	8.82	9.87	5.38	13.01	20.69	16.9	38.8	12.67	23.29	13.44
ENSG00000169258.6	3.71	2.34	4.53	5.3	10.01	7.94	10.27	14.32	14.25	17.53	11.35
ENSG00000102312.19	81.6	36.18	30.41	174.65	36.12	17.19	6.8	4.33	48.26	10.71	5.83
ENSG00000100612.12	61.64	71.08	51.37	75.97	141.62	16.95	25.42	22.62	19.04	84.85	9.81
ENSG00000090857.12	11.31	10.3	9.96	5.97	8.14	18.21	23.63	20.09	9.16	28.4	13.75
ENSG00000089159.14	120.58	131.62	171.57	280.02	228.25	79.57	28.11	70.19	80.67	95.02	127.46
ENSG00000123892.10	35.88	32.95	40.14	1.44	11.25	0.26	0.56	1.91	0.16	0	0.91
ENSG00000104177.16	5.09	2.67	0.75	0.13	0.04	23.57	1.44	15.32	8.25	8.56	32.37
ENSG00000136478.6	18.24	23.86	17.62	13.96	18.82	14.12	10.77	16.53	10.65	10.62	12.58
ENSG00000121774.16	58.92	40.83	61.06	55.8	77.59	86.19	81.12	87.78	84.07	123.27	81.1
ENSG00000165474.5	23.5	1.24	6.42	24.76	12.69	0.08	0.45	1.5	0	0.19	0.53
ENSG00000214318.3	0.3	2.45	1.15	1.95	1.07	NA	0.28	NA	NA	0	0
ENSG00000137100.14	164.72	154.6	112.79	115.13	210.58	90.77	87.54	59.44	95.86	78.29	124.16
ENSG00000135842.15	2.01	0.15	0.3	0	0.77	25.54	2.02	1.56	3.78	22.33	15.89
ENSG00000115993.10	4.93	3.38	4.12	8.72	3.85	12.23	11.31	13.97	13.5	5.32	7.66
ENSG00000120549.14	14	13.76	14.17	11.18	10.47	5.96	3.3	5.53	9.69	8.01	1.92
ENSG00000101639.17	4.24	3.01	5.65	2.15	2.35	4.85	19.83	18.76	6.4	7.68	7.41
ENSG00000054179.10	3.38	3.58	12	1.2	1.91	NA	0.1	0.16	NA	0	0
ENSG00000187838.15	104.78	101.95	65.14	114.54	92.19	60.17	19.98	12.03	63	34.11	42.03
ENSG00000177239.13	31.53	35.59	24.84	34.05	39.42	59.5	54.24	35.08	57.67	54.58	38.55
ENSG00000163874.8	19.11	19.09	28.17	95.5	13.92	2.77	4.35	17.64	4.33	5.53	6.67
ENSG00000275734.1	0.35	0	0.16	0.4	0	1.27	2.07	0.64	0.5	0.44	0.81
ENSG00000186832.7	8.17	533.85	28.95	743.38	1230.06	0.06	19.65	0.64	2.53	0.42	0.42